548031.91 5129245.42 999.79
548032.52 5129247.88 999.89
548033.12 5129250.32 999.89
548034.17 5129248.61 1000.08
548033.57 5129246.17 1000.03
548035.06 5129243.68 1000.08
548036.11 5129241.78 1000.05
548037.83 5129240.02 999.96
548052.63 5129235.69 999.81
548055.96 5129234.66 999.91
548061.66 5129228.41 999.77
548069.55 5129223.57 999.87
548072.70 5129222.35 1000.23
548077.45 5129220.98 999.83
548092.71 5129212.74 999.92
548095.72 5129210.97 999.99
548098.93 5129209.60 999.82
548101.99 5129208.13 1000.14
548103.58 5129206.45 999.77
548104.90 5129206.10 999.96
548109.44 5129202.96 1000.06
548196.25 5129143.94 1000.02
548209.15 5129137.42 1000.14
548218.32 5129133.65 1000.05
548237.85 5129120.58 999.79
548258.45 5129107.74 1000.09
548288.07 5129086.23 999.99
548305.63 5129073.04 999.96
548306.97 5129072.07 999.99
548321.51 5129062.89 1000.08
548337.62 5129053.22 999.85
548344.08 5129049.85 1000.04
548366.69 5129038.58 999.96
548368.20 5129038.12 1000.06
548381.12 5129031.56 999.88
548384.46 5129029.92 999.79
548386.36 5129029.32 1000.17
548402.94 5129021.43 999.77
548404.74 5129021.32 999.95
548424.90 5129011.16 999.92
548428.52 5129010.02 1000.11
548431.91 5129007.80 1000.01
548445.67 5128999.20 999.92
