650133.838 238538.164 114.377 10:56:27
650133.840 238538.158 114.364 10:56:28
650133.842 238538.158 114.372 10:56:29
650133.842 238538.160 114.379 10:56:30
650133.840 238538.160 114.379 10:56:31
650133.842 238538.161 114.387 10:56:32
650133.842 238538.163 114.377 10:56:33
650133.840 238538.164 114.380 10:56:34
650133.839 238538.160 114.374 10:56:35
650133.841 238538.158 114.371 10:56:36
650133.841 238538.157 114.373 10:56:37
650133.840 238538.160 114.384 10:56:38
650133.843 238538.163 114.386 10:56:39
650133.840 238538.161 114.385 10:56:40
650133.837 238538.161 114.378 10:56:41
650133.840 238538.160 114.379 10:56:42
650133.842 238538.161 114.383 10:56:43
650133.843 238538.158 114.377 10:56:44
650133.841 238538.156 114.378 10:56:45
650133.843 238538.159 114.372 10:56:46
650133.842 238538.162 114.384 10:56:47
650133.841 238538.163 114.387 10:56:48
650133.841 238538.161 114.380 10:56:49
650133.842 238538.160 114.382 10:56:50
650133.841 238538.159 114.380 10:56:51
650133.844 238538.158 114.383 10:56:52
650133.844 238538.157 114.379 10:56:53
650133.841 238538.158 114.382 10:56:54
650133.840 238538.158 114.378 10:56:55
650133.840 238538.161 114.371 10:56:56
650133.840 238538.162 114.372 10:56:57
650133.842 238538.160 114.372 10:56:58
650133.843 238538.162 114.379 10:56:59
650133.843 238538.162 114.379 10:57:00
650133.844 238538.160 114.378 10:57:01
650133.844 238538.164 114.375 10:57:02
650133.841 238538.162 114.376 10:57:03
650133.842 238538.164 114.372 10:57:04
650133.843 238538.165 114.370 10:57:05
650133.841 238538.162 114.376 10:57:06
650133.844 238538.162 114.378 10:57:07
650133.846 238538.162 114.377 10:57:08
650133.847 238538.157 114.375 10:57:09
650133.844 238538.163 114.376 10:57:10
650133.844 238538.164 114.371 10:57:11
650133.843 238538.165 114.375 10:57:12
650133.846 238538.164 114.375 10:57:13
650133.843 238538.163 114.373 10:57:14
650133.843 238538.160 114.374 10:57:15
650133.842 238538.161 114.376 10:57:16
650133.846 238538.159 114.373 10:57:17
650133.847 238538.160 114.370 10:57:18
650133.842 238538.162 114.367 10:57:19
650133.844 238538.166 114.375 10:57:20
650133.842 238538.167 114.373 10:57:21
650133.841 238538.166 114.371 10:57:22
650133.839 238538.163 114.375 10:57:23
650133.839 238538.163 114.377 10:57:24
650133.843 238538.164 114.377 10:57:25
650133.843 238538.166 114.381 10:57:26
650133.843 238538.165 114.372 10:57:27
650133.843 238538.164 114.372 10:57:28
650133.843 238538.159 114.367 10:57:29
650133.844 238538.158 114.366 10:57:30
650133.845 238538.160 114.369 10:57:31
650133.842 238538.162 114.375 10:57:32
650133.843 238538.161 114.365 10:57:33
650133.842 238538.161 114.371 10:57:34
650133.843 238538.164 114.372 10:57:35
650133.844 238538.162 114.370 10:57:36
650133.841 238538.162 114.371 10:57:37
650133.843 238538.160 114.363 10:57:38
650133.843 238538.159 114.370 10:57:39
650133.845 238538.167 114.374 10:57:40
650133.842 238538.164 114.372 10:57:41
650133.841 238538.164 114.370 10:57:42
650133.843 238538.161 114.361 10:57:43
650133.841 238538.162 114.357 10:57:44
650133.841 238538.161 114.353 10:57:45
650133.838 238538.163 114.360 10:57:46
650133.842 238538.163 114.350 10:57:47
650133.841 238538.163 114.351 10:57:48
650133.843 238538.162 114.341 10:57:49
650133.844 238538.164 114.339 10:57:50
650133.844 238538.160 114.347 10:57:51
650133.845 238538.162 114.337 10:57:52
650133.843 238538.164 114.335 10:57:53
650133.843 238538.162 114.340 10:57:54
650133.845 238538.163 114.343 10:57:55
650133.845 238538.161 114.344 10:57:56
650133.845 238538.160 114.342 10:57:57
650133.842 238538.160 114.357 10:57:58
650133.843 238538.166 114.366 10:57:59
650133.841 238538.159 114.355 10:58:00
650133.842 238538.159 114.348 10:58:01
650133.842 238538.158 114.355 10:58:02
650133.844 238538.161 114.350 10:58:03
650133.843 238538.160 114.352 10:58:04
650133.843 238538.163 114.361 10:58:05
650133.844 238538.163 114.359 10:58:06
650133.844 238538.159 114.354 10:58:07
650133.841 238538.161 114.363 10:58:08
650133.841 238538.160 114.362 10:58:09
650133.844 238538.161 114.361 10:58:10
650133.843 238538.162 114.361 10:58:11
650133.841 238538.163 114.362 10:58:12
650133.843 238538.159 114.368 10:58:13
650133.844 238538.159 114.355 10:58:14
650133.844 238538.158 114.365 10:58:15
650133.846 238538.161 114.364 10:58:16
650133.846 238538.163 114.368 10:58:17
650133.847 238538.163 114.369 10:58:18
650133.843 238538.160 114.365 10:58:19
650133.843 238538.163 114.368 10:58:20
650133.843 238538.163 114.370 10:58:21
650133.845 238538.164 114.378 10:58:22
650133.846 238538.162 114.378 10:58:23
650133.845 238538.161 114.370 10:58:24
650133.844 238538.159 114.369 10:58:25
650133.846 238538.162 114.369 10:58:26
650133.844 238538.162 114.366 10:58:27
650133.846 238538.162 114.368 10:58:28
650133.847 238538.164 114.373 10:58:29
650133.845 238538.159 114.369 10:58:30
650133.845 238538.162 114.368 10:58:31
650133.845 238538.165 114.373 10:58:32
650133.844 238538.162 114.369 10:58:33
650133.846 238538.159 114.365 10:58:34
650133.847 238538.158 114.366 10:58:35
650133.849 238538.161 114.371 10:58:36
650133.847 238538.162 114.375 10:58:37
650133.846 238538.160 114.373 10:58:38
650133.845 238538.159 114.372 10:58:39
650133.845 238538.159 114.369 10:58:40
650133.847 238538.161 114.376 10:58:41
650133.846 238538.164 114.377 10:58:42
650133.847 238538.160 114.369 10:58:43
650133.845 238538.158 114.368 10:58:44
650133.845 238538.157 114.361 10:58:45
650133.844 238538.158 114.360 10:58:46
650133.843 238538.162 114.362 10:58:47
650133.844 238538.164 114.361 10:58:48
650133.843 238538.162 114.356 10:58:49
650133.845 238538.157 114.350 10:58:50
650133.846 238538.159 114.356 10:58:51
650133.847 238538.162 114.352 10:58:52
650133.845 238538.161 114.349 10:58:53
650133.846 238538.164 114.350 10:58:54
650133.845 238538.163 114.349 10:58:55
650133.843 238538.163 114.349 10:58:56
650133.844 238538.165 114.355 10:58:57
650133.845 238538.166 114.364 10:58:58
650133.847 238538.162 114.365 10:58:59
650133.848 238538.161 114.362 10:59:00
650133.848 238538.159 114.356 10:59:01
650133.848 238538.160 114.355 10:59:02
650133.846 238538.161 114.355 10:59:03
650133.848 238538.162 114.363 10:59:04
650133.849 238538.166 114.372 10:59:05
650133.846 238538.166 114.369 10:59:06
650133.846 238538.160 114.358 10:59:07
650133.848 238538.161 114.353 10:59:08
650133.847 238538.158 114.360 10:59:09
650133.846 238538.159 114.362 10:59:10
650133.845 238538.160 114.360 10:59:11
650133.844 238538.164 114.356 10:59:12
650133.843 238538.163 114.355 10:59:13
650133.843 238538.163 114.358 10:59:14
650133.845 238538.160 114.349 10:59:15
650133.844 238538.164 114.348 10:59:16
650133.844 238538.166 114.345 10:59:17
650133.845 238538.168 114.347 10:59:18
650133.845 238538.169 114.343 10:59:19
650133.844 238538.169 114.338 10:59:20
650133.846 238538.162 114.339 10:59:21
650133.846 238538.163 114.336 10:59:22
650133.848 238538.158 114.346 10:59:23
650133.848 238538.163 114.350 10:59:24
650133.847 238538.165 114.361 10:59:25
650133.847 238538.162 114.361 10:59:26
650133.848 238538.163 114.362 10:59:27
650133.847 238538.161 114.363 10:59:28
650133.845 238538.163 114.372 10:59:29
650133.848 238538.162 114.373 10:59:30
650133.846 238538.159 114.368 10:59:31
650133.845 238538.154 114.366 10:59:32
650133.847 238538.159 114.367 10:59:33
650133.844 238538.163 114.380 10:59:34
650133.847 238538.163 114.376 10:59:35
650133.850 238538.161 114.371 10:59:36
650133.847 238538.161 114.366 10:59:37
650133.846 238538.164 114.369 10:59:38
650133.847 238538.163 114.371 10:59:39
650133.850 238538.163 114.368 10:59:40
650133.848 238538.158 114.358 10:59:41
650133.846 238538.160 114.367 10:59:42
650133.846 238538.160 114.373 10:59:43
650133.846 238538.162 114.368 10:59:44
650133.844 238538.160 114.376 10:59:45
650133.846 238538.166 114.376 10:59:46
650133.845 238538.161 114.373 10:59:47
650133.847 238538.157 114.376 10:59:48
650133.848 238538.157 114.374 10:59:49
650133.848 238538.157 114.376 10:59:50
650133.848 238538.162 114.384 10:59:51
650133.847 238538.166 114.385 10:59:52
650133.847 238538.166 114.382 10:59:53
650133.846 238538.163 114.371 10:59:54
650133.846 238538.165 114.373 10:59:55
650133.846 238538.163 114.380 10:59:56
650133.848 238538.161 114.374 10:59:57
650133.847 238538.160 114.369 10:59:58
650133.847 238538.158 114.367 10:59:59
650133.848 238538.159 114.360 11:00:00
650133.846 238538.162 114.374 11:00:01
650133.850 238538.164 114.376 11:00:02
650133.848 238538.162 114.380 11:00:03
650133.848 238538.161 114.367 11:00:04
650133.850 238538.159 114.367 11:00:05
650133.848 238538.160 114.369 11:00:06
650133.848 238538.162 114.374 11:00:07
650133.847 238538.162 114.372 11:00:08
650133.846 238538.159 114.362 11:00:09
650133.845 238538.158 114.358 11:00:10
650133.847 238538.157 114.352 11:00:11
650133.844 238538.159 114.350 11:00:12
650133.847 238538.160 114.352 11:00:13
650133.849 238538.159 114.346 11:00:14
650133.851 238538.160 114.354 11:00:15
650133.845 238538.162 114.363 11:00:16
650133.847 238538.165 114.362 11:00:17
650133.847 238538.159 114.358 11:00:18
650133.848 238538.159 114.355 11:00:19
650133.846 238538.159 114.354 11:00:20
650133.847 238538.160 114.355 11:00:21
650133.847 238538.161 114.358 11:00:22
650133.846 238538.157 114.352 11:00:23
650133.849 238538.160 114.342 11:00:24
650133.851 238538.161 114.349 11:00:25
650133.849 238538.163 114.353 11:00:26
650133.847 238538.161 114.358 11:00:27
650133.848 238538.165 114.365 11:00:28
650133.849 238538.164 114.367 11:00:29
650133.849 238538.163 114.368 11:00:30
650133.849 238538.162 114.365 11:00:31
650133.848 238538.160 114.368 11:00:32
650133.847 238538.163 114.370 11:00:33
650133.849 238538.160 114.368 11:00:34
650133.846 238538.161 114.373 11:00:35
650133.846 238538.165 114.378 11:00:36
650133.846 238538.160 114.369 11:00:37
650133.848 238538.159 114.367 11:00:38
650133.846 238538.162 114.369 11:00:39
650133.847 238538.161 114.364 11:00:40
650133.847 238538.165 114.366 11:00:41
650133.845 238538.160 114.356 11:00:42
650133.848 238538.160 114.349 11:00:43
650133.849 238538.160 114.344 11:00:44
650133.848 238538.160 114.349 11:00:45
650133.847 238538.159 114.343 11:00:46
650133.850 238538.166 114.350 11:00:47
650133.845 238538.159 114.345 11:00:48
650133.844 238538.167 114.351 11:00:49
650133.844 238538.160 114.352 11:00:50
650133.847 238538.162 114.357 11:00:51
650133.848 238538.164 114.359 11:00:52
650133.845 238538.164 114.350 11:00:53
650133.845 238538.164 114.349 11:00:54
650133.848 238538.162 114.349 11:00:55
650133.849 238538.162 114.342 11:00:56
650133.849 238538.161 114.342 11:00:57
650133.846 238538.161 114.336 11:00:58
650133.847 238538.162 114.342 11:00:59
650133.847 238538.160 114.338 11:01:00
650133.848 238538.161 114.343 11:01:01
650133.848 238538.162 114.351 11:01:02
650133.846 238538.165 114.363 11:01:03
650133.847 238538.165 114.363 11:01:04
650133.846 238538.161 114.357 11:01:05
650133.846 238538.164 114.358 11:01:06
650133.848 238538.164 114.362 11:01:07
650133.845 238538.161 114.370 11:01:08
650133.851 238538.161 114.355 11:01:09
650133.849 238538.161 114.368 11:01:10
650133.846 238538.159 114.373 11:01:11
650133.847 238538.160 114.367 11:01:12
650133.847 238538.161 114.371 11:01:13
650133.846 238538.162 114.372 11:01:14
650133.847 238538.166 114.378 11:01:15
650133.848 238538.164 114.371 11:01:16
650133.846 238538.164 114.370 11:01:17
650133.849 238538.163 114.369 11:01:18
650133.850 238538.164 114.373 11:01:19
650133.848 238538.162 114.362 11:01:20
650133.851 238538.162 114.363 11:01:21
650133.849 238538.162 114.369 11:01:22
650133.851 238538.165 114.365 11:01:23
650133.849 238538.162 114.362 11:01:24
650133.848 238538.165 114.363 11:01:25
650133.848 238538.160 114.359 11:01:26
650133.847 238538.161 114.360 11:01:27
650133.848 238538.161 114.358 11:01:28
650133.849 238538.165 114.368 11:01:29
650133.849 238538.164 114.364 11:01:30
650133.850 238538.161 114.361 11:01:31
650133.848 238538.162 114.358 11:01:32
650133.848 238538.162 114.360 11:01:33
650133.849 238538.166 114.369 11:01:34
650133.849 238538.167 114.373 11:01:35
650133.848 238538.167 114.374 11:01:36
650133.849 238538.164 114.365 11:01:37
650133.847 238538.162 114.361 11:01:38
650133.848 238538.162 114.370 11:01:39
650133.850 238538.162 114.366 11:01:40
650133.847 238538.163 114.363 11:01:41
650133.846 238538.161 114.362 11:01:42
650133.845 238538.160 114.361 11:01:43
650133.847 238538.165 114.358 11:01:44
650133.848 238538.167 114.356 11:01:45
650133.850 238538.163 114.351 11:01:46
650133.847 238538.163 114.350 11:01:47
650133.849 238538.163 114.350 11:01:48
650133.849 238538.164 114.348 11:01:49
650133.849 238538.164 114.344 11:01:50
650133.848 238538.164 114.348 11:01:51
650133.850 238538.164 114.358 11:01:52
650133.852 238538.164 114.366 11:01:53
650133.850 238538.162 114.372 11:01:54
650133.849 238538.163 114.369 11:01:55
650133.850 238538.163 114.365 11:01:56
650133.848 238538.164 114.371 11:01:57
650133.847 238538.165 114.372 11:01:58
650133.849 238538.166 114.375 11:01:59
650133.845 238538.162 114.370 11:01:60
650133.849 238538.162 114.365 11:02:01
650133.850 238538.166 114.371 11:02:02
650133.848 238538.167 114.366 11:02:03
650133.849 238538.164 114.368 11:02:04
650133.848 238538.164 114.364 11:02:05
650133.848 238538.163 114.365 11:02:06
650133.849 238538.163 114.368 11:02:07
650133.847 238538.165 114.368 11:02:08
650133.848 238538.165 114.367 11:02:09
650133.848 238538.166 114.367 11:02:10
650133.848 238538.166 114.365 11:02:11
650133.848 238538.166 114.362 11:02:12
650133.848 238538.167 114.360 11:02:13
650133.849 238538.168 114.345 11:02:14
650133.851 238538.165 114.350 11:02:15
650133.849 238538.166 114.347 11:02:16
650133.848 238538.164 114.340 11:02:17
650133.848 238538.166 114.353 11:02:18
650133.847 238538.168 114.358 11:02:19
650133.848 238538.168 114.356 11:02:20
650133.848 238538.168 114.358 11:02:21
650133.847 238538.167 114.359 11:02:22
650133.848 238538.164 114.359 11:02:23
650133.847 238538.167 114.366 11:02:24
650133.847 238538.171 114.370 11:02:25
650133.847 238538.169 114.368 11:02:26
650133.847 238538.169 114.366 11:02:27
650133.847 238538.166 114.361 11:02:28
650133.847 238538.170 114.362 11:02:29
650133.844 238538.162 114.363 11:02:30
650133.847 238538.161 114.361 11:02:31
650133.849 238538.163 114.356 11:02:32
650133.850 238538.166 114.360 11:02:33
650133.844 238538.166 114.361 11:02:34
650133.845 238538.170 114.367 11:02:35
650133.845 238538.171 114.361 11:02:36
650133.846 238538.172 114.367 11:02:37
650133.848 238538.168 114.364 11:02:38
650133.850 238538.168 114.366 11:02:39
650133.848 238538.167 114.360 11:02:40
650133.850 238538.168 114.368 11:02:41
650133.848 238538.167 114.365 11:02:42
650133.847 238538.165 114.364 11:02:43
650133.849 238538.166 114.364 11:02:44
650133.848 238538.167 114.366 11:02:45
650133.849 238538.165 114.370 11:02:46
650133.848 238538.165 114.365 11:02:47
650133.849 238538.163 114.362 11:02:48
650133.849 238538.162 114.368 11:02:49
650133.848 238538.164 114.372 11:02:50
650133.849 238538.164 114.373 11:02:51
650133.847 238538.166 114.375 11:02:52
650133.847 238538.167 114.370 11:02:53
650133.844 238538.169 114.372 11:02:54
650133.843 238538.167 114.364 11:02:55
650133.846 238538.164 114.365 11:02:56
650133.850 238538.162 114.362 11:02:57
650133.849 238538.164 114.359 11:02:58
650133.848 238538.168 114.364 11:02:59
650133.846 238538.167 114.370 11:03:00
650133.847 238538.169 114.375 11:03:01
650133.848 238538.167 114.366 11:03:02
650133.847 238538.163 114.361 11:03:03
650133.846 238538.162 114.368 11:03:04
650133.848 238538.164 114.366 11:03:05
650133.847 238538.161 114.365 11:03:06
650133.848 238538.160 114.362 11:03:07
650133.848 238538.165 114.367 11:03:08
650133.848 238538.168 114.372 11:03:09
650133.846 238538.170 114.372 11:03:10
650133.847 238538.166 114.368 11:03:11
650133.848 238538.166 114.362 11:03:12
650133.850 238538.166 114.368 11:03:13
650133.849 238538.165 114.369 11:03:14
650133.847 238538.167 114.370 11:03:15
650133.846 238538.169 114.372 11:03:16
650133.845 238538.170 114.374 11:03:17
650133.844 238538.169 114.373 11:03:18
650133.846 238538.168 114.375 11:03:19
650133.845 238538.170 114.375 11:03:20
650133.846 238538.169 114.375 11:03:21
650133.847 238538.168 114.376 11:03:22
650133.847 238538.167 114.376 11:03:23
650133.848 238538.165 114.373 11:03:24
650133.847 238538.166 114.369 11:03:25
650133.845 238538.166 114.371 11:03:26
650133.845 238538.169 114.377 11:03:27
650133.847 238538.169 114.375 11:03:28
650133.846 238538.168 114.380 11:03:29
650133.847 238538.168 114.375 11:03:30
650133.849 238538.169 114.372 11:03:31
650133.844 238538.171 114.373 11:03:32
650133.847 238538.168 114.369 11:03:33
650133.846 238538.167 114.368 11:03:34
650133.845 238538.166 114.366 11:03:35
650133.845 238538.166 114.359 11:03:36
650133.845 238538.168 114.366 11:03:37
650133.844 238538.172 114.367 11:03:38
650133.844 238538.170 114.368 11:03:39
650133.842 238538.169 114.361 11:03:40
650133.844 238538.166 114.360 11:03:41
650133.845 238538.170 114.361 11:03:42
650133.846 238538.167 114.363 11:03:43
650133.847 238538.166 114.359 11:03:44
650133.846 238538.167 114.360 11:03:45
650133.846 238538.164 114.361 11:03:46
650133.846 238538.166 114.361 11:03:47
650133.846 238538.164 114.365 11:03:48
650133.845 238538.166 114.362 11:03:49
650133.845 238538.166 114.364 11:03:50
650133.847 238538.164 114.359 11:03:51
650133.847 238538.166 114.359 11:03:52
650133.847 238538.163 114.357 11:03:53
650133.849 238538.162 114.353 11:03:54
650133.848 238538.161 114.357 11:03:55
650133.847 238538.166 114.367 11:03:56
650133.848 238538.168 114.363 11:03:57
650133.848 238538.164 114.357 11:03:58
650133.847 238538.165 114.356 11:03:59
650133.846 238538.163 114.358 11:04:00
650133.846 238538.164 114.362 11:04:01
650133.848 238538.165 114.361 11:04:02
650133.847 238538.166 114.361 11:04:03
650133.847 238538.165 114.363 11:04:04
650133.847 238538.162 114.354 11:04:05
650133.846 238538.166 114.362 11:04:06
650133.847 238538.165 114.365 11:04:07
650133.847 238538.164 114.368 11:04:08
650133.847 238538.163 114.365 11:04:09
650133.847 238538.166 114.364 11:04:10
650133.847 238538.165 114.370 11:04:11
650133.845 238538.165 114.367 11:04:12
650133.847 238538.164 114.373 11:04:13
650133.845 238538.163 114.367 11:04:14
650133.846 238538.164 114.377 11:04:15
650133.845 238538.163 114.374 11:04:16
650133.845 238538.164 114.373 11:04:17
650133.846 238538.165 114.373 11:04:18
650133.845 238538.166 114.372 11:04:19
650133.847 238538.168 114.374 11:04:20
650133.847 238538.167 114.371 11:04:21
650133.846 238538.166 114.371 11:04:22
650133.846 238538.164 114.371 11:04:23
650133.848 238538.166 114.373 11:04:24
650133.847 238538.163 114.372 11:04:25
650133.849 238538.163 114.366 11:04:26
650133.847 238538.161 114.369 11:04:27
650133.846 238538.163 114.372 11:04:28
650133.846 238538.164 114.372 11:04:29
650133.847 238538.161 114.374 11:04:30
650133.847 238538.162 114.375 11:04:31
650133.847 238538.160 114.371 11:04:32
650133.846 238538.160 114.368 11:04:33
650133.847 238538.163 114.369 11:04:34
650133.847 238538.161 114.365 11:04:35
650133.846 238538.165 114.369 11:04:36
650133.847 238538.167 114.377 11:04:37
650133.847 238538.165 114.376 11:04:38
650133.848 238538.165 114.370 11:04:39
650133.848 238538.165 114.375 11:04:40
650133.846 238538.162 114.372 11:04:41
650133.849 238538.162 114.372 11:04:42
650133.847 238538.163 114.376 11:04:43
650133.848 238538.164 114.374 11:04:44
650133.847 238538.165 114.374 11:04:45
650133.848 238538.163 114.372 11:04:46
650133.847 238538.162 114.372 11:04:47
650133.848 238538.161 114.371 11:04:48
650133.848 238538.161 114.371 11:04:49
650133.848 238538.164 114.372 11:04:50
650133.848 238538.163 114.370 11:04:51
650133.847 238538.165 114.372 11:04:52
650133.847 238538.164 114.373 11:04:53
650133.846 238538.166 114.370 11:04:54
650133.849 238538.165 114.372 11:04:55
650133.848 238538.160 114.368 11:04:56
650133.848 238538.162 114.367 11:04:57
650133.848 238538.163 114.376 11:04:58
650133.847 238538.167 114.366 11:04:59
650133.847 238538.164 114.364 11:04:60
650133.844 238538.165 114.371 11:05:01
650133.847 238538.164 114.365 11:05:02
650133.850 238538.163 114.367 11:05:03
650133.850 238538.161 114.363 11:05:04
650133.850 238538.162 114.365 11:05:05
650133.849 238538.164 114.370 11:05:06
650133.850 238538.162 114.366 11:05:07
650133.849 238538.163 114.364 11:05:08
650133.848 238538.166 114.367 11:05:09
650133.847 238538.163 114.366 11:05:10
650133.849 238538.159 114.362 11:05:11
650133.849 238538.162 114.359 11:05:12
650133.846 238538.166 114.353 11:05:13
650133.852 238538.162 114.355 11:05:14
650133.852 238538.160 114.357 11:05:15
650133.852 238538.160 114.351 11:05:16
650133.854 238538.158 114.353 11:05:17
650133.853 238538.163 114.364 11:05:18
650133.853 238538.166 114.362 11:05:19
650133.851 238538.166 114.364 11:05:20
650133.852 238538.165 114.365 11:05:21
650133.853 238538.160 114.359 11:05:22
650133.854 238538.160 114.357 11:05:23
650133.852 238538.159 114.360 11:05:24
650133.851 238538.161 114.355 11:05:25
650133.850 238538.160 114.349 11:05:26
650133.852 238538.163 114.343 11:05:27
650133.852 238538.159 114.339 11:05:28
650133.852 238538.162 114.340 11:05:29
650133.850 238538.162 114.334 11:05:30
650133.852 238538.160 114.330 11:05:31
650133.854 238538.158 114.328 11:05:32
650133.854 238538.158 114.336 11:05:33
650133.854 238538.156 114.336 11:05:34
650133.856 238538.159 114.349 11:05:35
650133.852 238538.161 114.363 11:05:36
650133.851 238538.159 114.368 11:05:37
650133.852 238538.160 114.369 11:05:38
650133.850 238538.164 114.370 11:05:39
650133.851 238538.164 114.371 11:05:40
650133.852 238538.163 114.368 11:05:41
650133.849 238538.164 114.367 11:05:42
650133.850 238538.159 114.366 11:05:43
650133.853 238538.157 114.364 11:05:44
650133.851 238538.160 114.365 11:05:45
650133.851 238538.161 114.366 11:05:46
650133.850 238538.162 114.367 11:05:47
650133.848 238538.161 114.376 11:05:48
650133.850 238538.164 114.378 11:05:49
650133.850 238538.163 114.373 11:05:50
650133.850 238538.165 114.377 11:05:51
650133.850 238538.164 114.374 11:05:52
650133.850 238538.160 114.372 11:05:53
650133.848 238538.160 114.364 11:05:54
650133.849 238538.163 114.373 11:05:55
650133.851 238538.162 114.377 11:05:56
650133.850 238538.160 114.373 11:05:57
650133.849 238538.160 114.368 11:05:58
650133.849 238538.160 114.371 11:05:59
650133.848 238538.162 114.374 11:06:00
650133.849 238538.164 114.383 11:06:01
650133.851 238538.165 114.377 11:06:02
650133.852 238538.162 114.373 11:06:03
650133.852 238538.164 114.376 11:06:04
650133.851 238538.164 114.378 11:06:05
650133.849 238538.165 114.373 11:06:06
650133.851 238538.165 114.371 11:06:07
650133.848 238538.165 114.374 11:06:08
650133.848 238538.164 114.370 11:06:09
650133.852 238538.162 114.375 11:06:10
650133.853 238538.164 114.371 11:06:11
650133.849 238538.163 114.373 11:06:12
650133.846 238538.165 114.376 11:06:13
650133.847 238538.168 114.376 11:06:14
650133.846 238538.170 114.374 11:06:15
650133.846 238538.169 114.373 11:06:16
650133.848 238538.171 114.374 11:06:17
650133.848 238538.171 114.382 11:06:18
650133.848 238538.171 114.384 11:06:19
650133.848 238538.169 114.380 11:06:20
650133.847 238538.167 114.379 11:06:21
650133.845 238538.168 114.377 11:06:22
650133.846 238538.168 114.375 11:06:23
650133.849 238538.166 114.371 11:06:24
650133.848 238538.167 114.374 11:06:25
650133.846 238538.166 114.372 11:06:26
650133.847 238538.168 114.371 11:06:27
650133.846 238538.168 114.372 11:06:28
650133.846 238538.167 114.370 11:06:29
650133.846 238538.164 114.366 11:06:30
650133.842 238538.165 114.364 11:06:31
650133.841 238538.166 114.373 11:06:32
650133.847 238538.156 114.369 11:06:33
650133.842 238538.164 114.376 11:06:34
650133.843 238538.161 114.374 11:06:35
650133.843 238538.163 114.371 11:06:36
650133.844 238538.159 114.373 11:06:37
650133.845 238538.158 114.372 11:06:38
650133.841 238538.164 114.370 11:06:39
650133.846 238538.158 114.372 11:06:40
650133.841 238538.162 114.364 11:06:41
650133.843 238538.158 114.359 11:06:42
650133.844 238538.158 114.367 11:06:43
650133.843 238538.162 114.358 11:06:44
650133.843 238538.156 114.367 11:06:45
650133.844 238538.158 114.357 11:06:46
650133.845 238538.159 114.362 11:06:47
650133.843 238538.158 114.362 11:06:48
650133.843 238538.160 114.366 11:06:49
650133.843 238538.158 114.352 11:06:50
650133.844 238538.159 114.361 11:06:51
650133.844 238538.159 114.359 11:06:52
650133.844 238538.158 114.366 11:06:53
650133.842 238538.163 114.364 11:06:54
650133.843 238538.159 114.363 11:06:55
650133.843 238538.158 114.363 11:06:56
650133.844 238538.159 114.365 11:06:57
650133.844 238538.158 114.365 11:06:58
650133.844 238538.160 114.367 11:06:59
650133.844 238538.157 114.371 11:07:00
650133.845 238538.157 114.370 11:07:01
650133.843 238538.161 114.376 11:07:02
650133.843 238538.159 114.371 11:07:03
650133.842 238538.164 114.366 11:07:04
650133.847 238538.164 114.373 11:07:05
650133.845 238538.161 114.370 11:07:06
650133.844 238538.162 114.369 11:07:07
650133.843 238538.161 114.363 11:07:08
650133.842 238538.161 114.368 11:07:09
650133.844 238538.162 114.380 11:07:10
650133.846 238538.160 114.373 11:07:11
650133.847 238538.162 114.368 11:07:12
650133.845 238538.159 114.373 11:07:13
650133.846 238538.158 114.374 11:07:14
650133.845 238538.163 114.377 11:07:15
650133.846 238538.164 114.381 11:07:16
650133.845 238538.161 114.379 11:07:17
650133.845 238538.162 114.380 11:07:18
650133.845 238538.164 114.377 11:07:19
650133.843 238538.163 114.373 11:07:20
650133.845 238538.161 114.373 11:07:21
650133.846 238538.162 114.367 11:07:22
650133.846 238538.163 114.363 11:07:23
650133.845 238538.163 114.362 11:07:24
650133.845 238538.165 114.367 11:07:25
650133.843 238538.164 114.365 11:07:26
650133.842 238538.162 114.359 11:07:27
650133.844 238538.163 114.364 11:07:28
650133.845 238538.162 114.367 11:07:29
650133.843 238538.164 114.360 11:07:30
650133.843 238538.157 114.357 11:07:31
650133.843 238538.161 114.355 11:07:32
650133.843 238538.157 114.353 11:07:33
650133.844 238538.158 114.351 11:07:34
650133.847 238538.161 114.358 11:07:35
650133.844 238538.164 114.353 11:07:36
650133.845 238538.161 114.360 11:07:37
650133.847 238538.160 114.361 11:07:38
650133.847 238538.160 114.363 11:07:39
650133.846 238538.158 114.368 11:07:40
650133.846 238538.159 114.373 11:07:41
650133.844 238538.164 114.386 11:07:42
650133.844 238538.161 114.388 11:07:43
650133.841 238538.163 114.378 11:07:44
650133.842 238538.166 114.390 11:07:45
650133.844 238538.163 114.381 11:07:46
650133.843 238538.162 114.382 11:07:47
650133.844 238538.159 114.380 11:07:48
650133.843 238538.157 114.381 11:07:49
650133.844 238538.161 114.379 11:07:50
650133.844 238538.162 114.382 11:07:51
650133.840 238538.162 114.382 11:07:52
650133.841 238538.160 114.383 11:07:53
650133.842 238538.161 114.381 11:07:54
650133.843 238538.164 114.385 11:07:55
650133.842 238538.161 114.383 11:07:56
650133.842 238538.159 114.377 11:07:57
650133.842 238538.160 114.375 11:07:58
650133.842 238538.163 114.383 11:07:59
650133.841 238538.163 114.384 11:08:00
650133.839 238538.164 114.379 11:08:01
650133.838 238538.160 114.375 11:08:02
650133.839 238538.160 114.373 11:08:03
650133.841 238538.159 114.371 11:08:04
650133.840 238538.167 114.382 11:08:05
650133.840 238538.164 114.374 11:08:06
650133.839 238538.165 114.378 11:08:07
650133.840 238538.164 114.373 11:08:08
650133.841 238538.165 114.378 11:08:09
650133.840 238538.163 114.372 11:08:10
650133.839 238538.162 114.370 11:08:11
650133.841 238538.161 114.364 11:08:12
650133.840 238538.164 114.374 11:08:13
650133.840 238538.164 114.364 11:08:14
650133.837 238538.167 114.362 11:08:15
650133.836 238538.166 114.360 11:08:16
650133.840 238538.166 114.362 11:08:17
650133.839 238538.165 114.358 11:08:18
650133.839 238538.163 114.352 11:08:19
650133.840 238538.160 114.347 11:08:20
650133.840 238538.160 114.342 11:08:21
650133.844 238538.160 114.347 11:08:22
650133.841 238538.164 114.347 11:08:23
650133.842 238538.165 114.350 11:08:24
650133.842 238538.164 114.354 11:08:25
650133.840 238538.166 114.356 11:08:26
650133.840 238538.162 114.352 11:08:27
650133.842 238538.163 114.361 11:08:28
650133.838 238538.164 114.365 11:08:29
650133.840 238538.164 114.365 11:08:30
650133.841 238538.161 114.367 11:08:31
650133.843 238538.162 114.370 11:08:32
650133.838 238538.162 114.371 11:08:33
650133.843 238538.164 114.369 11:08:34
650133.842 238538.162 114.371 11:08:35
650133.843 238538.163 114.379 11:08:36
650133.844 238538.164 114.376 11:08:37
650133.843 238538.164 114.367 11:08:38
650133.841 238538.163 114.360 11:08:39
650133.841 238538.164 114.364 11:08:40
650133.840 238538.166 114.370 11:08:41
650133.842 238538.168 114.364 11:08:42
650133.840 238538.166 114.365 11:08:43
650133.840 238538.163 114.358 11:08:44
650133.840 238538.163 114.359 11:08:45
650133.844 238538.161 114.363 11:08:46
650133.842 238538.162 114.356 11:08:47
650133.843 238538.164 114.362 11:08:48
650133.843 238538.165 114.370 11:08:49
650133.841 238538.165 114.370 11:08:50
650133.842 238538.165 114.376 11:08:51
650133.842 238538.165 114.376 11:08:52
650133.841 238538.166 114.377 11:08:53
650133.841 238538.162 114.374 11:08:54
650133.840 238538.165 114.376 11:08:55
650133.841 238538.164 114.369 11:08:56
650133.842 238538.162 114.374 11:08:57
650133.842 238538.166 114.364 11:08:58
650133.839 238538.165 114.369 11:08:59
650133.843 238538.162 114.373 11:09:00
650133.841 238538.162 114.365 11:09:01
650133.840 238538.161 114.365 11:09:02
650133.841 238538.163 114.382 11:09:03
650133.841 238538.165 114.378 11:09:04
650133.839 238538.165 114.374 11:09:05
650133.838 238538.162 114.371 11:09:06
650133.842 238538.162 114.373 11:09:07
650133.840 238538.163 114.371 11:09:08
650133.842 238538.164 114.382 11:09:09
650133.841 238538.161 114.377 11:09:10
650133.842 238538.166 114.381 11:09:11
650133.837 238538.167 114.382 11:09:12
650133.838 238538.166 114.378 11:09:13
650133.840 238538.170 114.383 11:09:14
650133.841 238538.164 114.382 11:09:15
650133.840 238538.162 114.379 11:09:16
650133.840 238538.161 114.372 11:09:17
650133.841 238538.160 114.380 11:09:18
650133.840 238538.164 114.385 11:09:19
650133.841 238538.165 114.377 11:09:20
650133.838 238538.162 114.379 11:09:21
650133.842 238538.163 114.375 11:09:22
650133.843 238538.165 114.390 11:09:23
650133.840 238538.166 114.376 11:09:24
650133.843 238538.162 114.384 11:09:25
650133.840 238538.166 114.375 11:09:26
650133.842 238538.163 114.376 11:09:27
650133.840 238538.164 114.371 11:09:28
650133.842 238538.167 114.376 11:09:29
650133.840 238538.165 114.370 11:09:30
650133.840 238538.166 114.377 11:09:31
650133.841 238538.161 114.377 11:09:32
650133.841 238538.162 114.373 11:09:33
650133.842 238538.163 114.368 11:09:34
650133.842 238538.165 114.371 11:09:35
650133.843 238538.163 114.368 11:09:36
650133.839 238538.163 114.367 11:09:37
650133.840 238538.161 114.368 11:09:38
650133.840 238538.158 114.362 11:09:39
650133.839 238538.160 114.367 11:09:40
650133.841 238538.164 114.367 11:09:41
650133.840 238538.168 114.369 11:09:42
650133.839 238538.165 114.375 11:09:43
650133.840 238538.167 114.369 11:09:44
650133.838 238538.165 114.369 11:09:45
650133.841 238538.166 114.373 11:09:46
650133.842 238538.164 114.368 11:09:47
650133.841 238538.161 114.363 11:09:48
650133.841 238538.161 114.367 11:09:49
650133.840 238538.163 114.365 11:09:50
650133.840 238538.166 114.368 11:09:51
650133.842 238538.165 114.371 11:09:52
650133.842 238538.165 114.370 11:09:53
650133.842 238538.164 114.373 11:09:54
650133.841 238538.164 114.369 11:09:55
650133.839 238538.167 114.370 11:09:56
650133.839 238538.168 114.374 11:09:57
650133.840 238538.163 114.369 11:09:58
650133.840 238538.160 114.363 11:09:59
650133.840 238538.163 114.359 11:10:00
650133.840 238538.160 114.361 11:10:01
650133.842 238538.159 114.360 11:10:02
650133.842 238538.163 114.357 11:10:03
650133.843 238538.162 114.347 11:10:04
650133.840 238538.158 114.347 11:10:05
650133.843 238538.157 114.357 11:10:06
650133.842 238538.157 114.351 11:10:07
650133.842 238538.162 114.355 11:10:08
650133.841 238538.161 114.357 11:10:09
650133.844 238538.158 114.358 11:10:10
650133.841 238538.160 114.363 11:10:11
650133.841 238538.164 114.371 11:10:12
650133.840 238538.163 114.373 11:10:13
650133.840 238538.161 114.364 11:10:14
650133.841 238538.160 114.369 11:10:15
650133.840 238538.158 114.365 11:10:16
650133.840 238538.159 114.366 11:10:17
650133.839 238538.160 114.369 11:10:18
650133.840 238538.161 114.372 11:10:19
650133.839 238538.161 114.361 11:10:20
650133.841 238538.159 114.362 11:10:21
650133.840 238538.161 114.365 11:10:22
650133.839 238538.160 114.362 11:10:23
650133.839 238538.161 114.365 11:10:24
650133.840 238538.163 114.373 11:10:25
650133.841 238538.166 114.377 11:10:26
650133.841 238538.162 114.369 11:10:27
650133.841 238538.158 114.366 11:10:28
650133.839 238538.161 114.365 11:10:29
650133.841 238538.161 114.367 11:10:30
650133.841 238538.161 114.365 11:10:31
650133.841 238538.162 114.368 11:10:32
650133.842 238538.164 114.375 11:10:33
650133.842 238538.165 114.370 11:10:34
650133.842 238538.163 114.376 11:10:35
650133.839 238538.165 114.378 11:10:36
650133.840 238538.164 114.383 11:10:37
650133.842 238538.162 114.377 11:10:38
650133.841 238538.162 114.382 11:10:39
650133.842 238538.161 114.378 11:10:40
650133.841 238538.163 114.380 11:10:41
650133.841 238538.166 114.383 11:10:42
650133.839 238538.163 114.380 11:10:43
650133.840 238538.164 114.378 11:10:44
650133.841 238538.165 114.380 11:10:45
650133.841 238538.162 114.380 11:10:46
650133.841 238538.163 114.378 11:10:47
650133.841 238538.164 114.379 11:10:48
650133.842 238538.165 114.382 11:10:49
650133.841 238538.167 114.379 11:10:50
650133.841 238538.163 114.374 11:10:51
650133.839 238538.160 114.378 11:10:52
650133.840 238538.162 114.376 11:10:53
650133.841 238538.159 114.376 11:10:54
650133.842 238538.162 114.380 11:10:55
650133.843 238538.165 114.384 11:10:56
650133.841 238538.163 114.382 11:10:57
650133.840 238538.163 114.378 11:10:58
650133.841 238538.165 114.381 11:10:59
650133.840 238538.163 114.376 11:11:00
650133.840 238538.166 114.377 11:11:01
650133.839 238538.165 114.380 11:11:02
650133.838 238538.167 114.379 11:11:03
650133.839 238538.166 114.378 11:11:04
650133.840 238538.165 114.373 11:11:05
650133.841 238538.166 114.372 11:11:06
650133.840 238538.162 114.369 11:11:07
650133.841 238538.163 114.367 11:11:08
650133.843 238538.163 114.369 11:11:09
650133.841 238538.159 114.362 11:11:10
650133.842 238538.162 114.366 11:11:11
650133.841 238538.164 114.374 11:11:12
650133.840 238538.166 114.379 11:11:13
650133.840 238538.162 114.369 11:11:14
650133.840 238538.163 114.368 11:11:15
650133.840 238538.163 114.371 11:11:16
650133.839 238538.162 114.360 11:11:17
650133.840 238538.163 114.361 11:11:18
650133.841 238538.160 114.361 11:11:19
650133.842 238538.161 114.365 11:11:20
650133.840 238538.166 114.358 11:11:21
650133.839 238538.160 114.354 11:11:22
650133.841 238538.163 114.357 11:11:23
650133.843 238538.161 114.358 11:11:24
650133.843 238538.161 114.364 11:11:25
650133.843 238538.161 114.369 11:11:26
650133.841 238538.161 114.367 11:11:27
650133.841 238538.164 114.375 11:11:28
650133.841 238538.164 114.373 11:11:29
650133.840 238538.165 114.379 11:11:30
650133.841 238538.164 114.370 11:11:31
650133.841 238538.164 114.373 11:11:32
650133.841 238538.166 114.373 11:11:33
650133.842 238538.164 114.370 11:11:34
650133.841 238538.162 114.364 11:11:35
650133.839 238538.163 114.367 11:11:36
650133.841 238538.164 114.369 11:11:37
650133.839 238538.165 114.368 11:11:38
650133.840 238538.163 114.366 11:11:39
650133.842 238538.166 114.370 11:11:40
650133.841 238538.162 114.371 11:11:41
650133.842 238538.163 114.373 11:11:42
650133.842 238538.164 114.376 11:11:43
650133.843 238538.163 114.371 11:11:44
650133.839 238538.165 114.375 11:11:45
650133.840 238538.167 114.376 11:11:46
650133.841 238538.167 114.375 11:11:47
650133.842 238538.163 114.373 11:11:48
650133.842 238538.161 114.375 11:11:49
650133.842 238538.162 114.376 11:11:50
650133.839 238538.162 114.373 11:11:51
650133.842 238538.161 114.378 11:11:52
650133.842 238538.164 114.374 11:11:53
650133.841 238538.163 114.373 11:11:54
650133.838 238538.159 114.364 11:11:55
650133.841 238538.161 114.371 11:11:56
650133.842 238538.161 114.370 11:11:57
650133.841 238538.156 114.363 11:11:58
650133.842 238538.160 114.365 11:11:59
650133.842 238538.162 114.367 11:12:00
650133.839 238538.164 114.367 11:12:01
650133.840 238538.160 114.355 11:12:02
650133.841 238538.161 114.355 11:12:03
650133.843 238538.157 114.356 11:12:04
650133.845 238538.161 114.353 11:12:05
650133.843 238538.160 114.341 11:12:06
650133.844 238538.160 114.340 11:12:07
650133.843 238538.160 114.329 11:12:08
650133.843 238538.162 114.326 11:12:09
650133.842 238538.167 114.335 11:12:10
650133.844 238538.158 114.326 11:12:11
650133.845 238538.152 114.326 11:12:12
650133.845 238538.150 114.329 11:12:13
650133.845 238538.155 114.328 11:12:14
650133.846 238538.160 114.340 11:12:15
650133.845 238538.165 114.350 11:12:16
650133.845 238538.166 114.353 11:12:17
650133.845 238538.165 114.363 11:12:18
650133.844 238538.162 114.365 11:12:19
650133.846 238538.161 114.360 11:12:20
650133.845 238538.160 114.368 11:12:21
650133.847 238538.161 114.372 11:12:22
650133.846 238538.158 114.369 11:12:23
650133.845 238538.161 114.377 11:12:24
650133.845 238538.166 114.381 11:12:25
650133.844 238538.163 114.379 11:12:26
650133.842 238538.161 114.373 11:12:27
650133.844 238538.162 114.368 11:12:28
650133.843 238538.164 114.377 11:12:29
650133.844 238538.166 114.375 11:12:30
650133.844 238538.164 114.374 11:12:31
650133.842 238538.163 114.370 11:12:32
650133.842 238538.166 114.372 11:12:33
650133.841 238538.168 114.374 11:12:34
650133.843 238538.167 114.373 11:12:35
650133.844 238538.165 114.375 11:12:36
650133.844 238538.165 114.373 11:12:37
650133.842 238538.162 114.367 11:12:38
650133.844 238538.161 114.367 11:12:39
650133.844 238538.161 114.367 11:12:40
650133.846 238538.164 114.371 11:12:41
650133.845 238538.166 114.369 11:12:42
650133.843 238538.165 114.370 11:12:43
650133.842 238538.163 114.366 11:12:44
650133.845 238538.165 114.364 11:12:45
650133.847 238538.162 114.368 11:12:46
650133.847 238538.158 114.367 11:12:47
650133.846 238538.162 114.360 11:12:48
650133.844 238538.162 114.360 11:12:49
650133.842 238538.166 114.365 11:12:50
650133.841 238538.165 114.366 11:12:51
650133.843 238538.164 114.358 11:12:52
650133.844 238538.162 114.359 11:12:53
650133.843 238538.163 114.362 11:12:54
650133.843 238538.164 114.360 11:12:55
650133.846 238538.166 114.367 11:12:56
650133.843 238538.164 114.363 11:12:57
650133.845 238538.161 114.360 11:12:58
650133.844 238538.159 114.358 11:12:59
650133.843 238538.161 114.358 11:13:00
650133.845 238538.164 114.366 11:13:01
650133.845 238538.162 114.365 11:13:02
650133.845 238538.164 114.364 11:13:03
650133.845 238538.164 114.369 11:13:04
650133.844 238538.163 114.369 11:13:05
650133.843 238538.164 114.367 11:13:06
650133.844 238538.164 114.371 11:13:07
650133.842 238538.162 114.363 11:13:08
650133.843 238538.164 114.368 11:13:09
650133.844 238538.163 114.371 11:13:10
650133.848 238538.164 114.374 11:13:11
650133.844 238538.163 114.360 11:13:12
650133.844 238538.164 114.369 11:13:13
650133.842 238538.159 114.370 11:13:14
650133.844 238538.163 114.368 11:13:15
650133.844 238538.166 114.372 11:13:16
650133.842 238538.165 114.373 11:13:17
650133.843 238538.162 114.367 11:13:18
650133.844 238538.164 114.367 11:13:19
650133.846 238538.164 114.372 11:13:20
650133.846 238538.166 114.371 11:13:21
650133.845 238538.164 114.374 11:13:22
650133.845 238538.162 114.371 11:13:23
650133.844 238538.163 114.371 11:13:24
650133.844 238538.162 114.371 11:13:25
650133.844 238538.160 114.372 11:13:26
650133.845 238538.162 114.372 11:13:27
650133.843 238538.162 114.373 11:13:28
650133.845 238538.161 114.375 11:13:29
650133.842 238538.161 114.372 11:13:30
650133.842 238538.164 114.378 11:13:31
650133.843 238538.168 114.385 11:13:32
650133.845 238538.167 114.374 11:13:33
650133.845 238538.161 114.367 11:13:34
650133.844 238538.162 114.376 11:13:35
650133.844 238538.159 114.371 11:13:36
650133.843 238538.160 114.371 11:13:37
650133.842 238538.159 114.369 11:13:38
650133.844 238538.162 114.374 11:13:39
650133.845 238538.164 114.374 11:13:40
650133.847 238538.163 114.381 11:13:41
650133.843 238538.166 114.382 11:13:42
650133.843 238538.163 114.379 11:13:43
650133.841 238538.161 114.377 11:13:44
650133.844 238538.163 114.382 11:13:45
650133.843 238538.165 114.382 11:13:46
650133.843 238538.169 114.386 11:13:47
650133.842 238538.166 114.382 11:13:48
650133.842 238538.165 114.381 11:13:49
650133.841 238538.166 114.377 11:13:50
650133.841 238538.162 114.374 11:13:51
650133.843 238538.163 114.369 11:13:52
650133.844 238538.157 114.360 11:13:53
650133.847 238538.159 114.366 11:13:54
650133.846 238538.159 114.362 11:13:55
650133.844 238538.163 114.370 11:13:56
650133.843 238538.161 114.372 11:13:57
650133.842 238538.162 114.375 11:13:58
650133.841 238538.160 114.374 11:13:59
650133.844 238538.160 114.376 11:14:00
650133.844 238538.160 114.380 11:14:01
650133.841 238538.161 114.382 11:14:02
650133.843 238538.163 114.377 11:14:03
650133.842 238538.160 114.373 11:14:04
650133.843 238538.162 114.376 11:14:05
650133.843 238538.164 114.372 11:14:06
650133.841 238538.163 114.368 11:14:07
650133.842 238538.162 114.368 11:14:08
650133.840 238538.160 114.362 11:14:09
650133.845 238538.162 114.368 11:14:10
650133.841 238538.165 114.364 11:14:11
650133.846 238538.165 114.372 11:14:12
650133.845 238538.161 114.371 11:14:13
650133.844 238538.161 114.369 11:14:14
650133.845 238538.161 114.374 11:14:15
650133.844 238538.166 114.382 11:14:16
650133.843 238538.164 114.373 11:14:17
650133.839 238538.164 114.373 11:14:18
650133.842 238538.164 114.373 11:14:19
650133.843 238538.165 114.370 11:14:20
650133.844 238538.167 114.373 11:14:21
650133.845 238538.164 114.369 11:14:22
650133.844 238538.162 114.367 11:14:23
650133.842 238538.163 114.365 11:14:24
650133.844 238538.166 114.366 11:14:25
650133.843 238538.164 114.362 11:14:26
650133.842 238538.165 114.357 11:14:27
650133.844 238538.164 114.357 11:14:28
650133.844 238538.165 114.359 11:14:29
650133.846 238538.164 114.353 11:14:30
650133.843 238538.161 114.340 11:14:31
650133.846 238538.160 114.348 11:14:32
650133.846 238538.160 114.350 11:14:33
650133.848 238538.161 114.353 11:14:34
650133.845 238538.162 114.358 11:14:35
650133.845 238538.164 114.367 11:14:36
650133.844 238538.159 114.365 11:14:37
650133.846 238538.165 114.372 11:14:38
650133.848 238538.165 114.370 11:14:39
650133.847 238538.164 114.373 11:14:40
650133.847 238538.163 114.374 11:14:41
650133.844 238538.158 114.367 11:14:42
650133.844 238538.157 114.368 11:14:43
650133.846 238538.157 114.365 11:14:44
650133.848 238538.159 114.362 11:14:45
650133.847 238538.159 114.355 11:14:46
650133.847 238538.156 114.348 11:14:47
650133.849 238538.159 114.359 11:14:48
650133.846 238538.162 114.361 11:14:49
650133.845 238538.162 114.359 11:14:50
650133.846 238538.158 114.358 11:14:51
650133.847 238538.157 114.363 11:14:52
650133.847 238538.161 114.364 11:14:53
650133.846 238538.161 114.369 11:14:54
650133.847 238538.162 114.374 11:14:55
650133.847 238538.164 114.376 11:14:56
650133.848 238538.162 114.373 11:14:57
650133.848 238538.163 114.372 11:14:58
650133.847 238538.162 114.368 11:14:59
650133.847 238538.160 114.368 11:15:00
650133.846 238538.162 114.372 11:15:01
650133.846 238538.164 114.375 11:15:02
650133.847 238538.161 114.374 11:15:03
650133.849 238538.163 114.370 11:15:04
650133.847 238538.159 114.371 11:15:05
650133.846 238538.158 114.367 11:15:06
650133.844 238538.157 114.371 11:15:07
650133.846 238538.161 114.372 11:15:08
650133.848 238538.161 114.366 11:15:09
650133.844 238538.160 114.356 11:15:10
650133.847 238538.161 114.358 11:15:11
650133.845 238538.161 114.360 11:15:12
650133.844 238538.160 114.347 11:15:13
650133.844 238538.159 114.344 11:15:14
650133.846 238538.161 114.355 11:15:15
650133.846 238538.164 114.363 11:15:16
650133.847 238538.162 114.357 11:15:17
650133.846 238538.163 114.366 11:15:18
650133.844 238538.162 114.366 11:15:19
650133.842 238538.164 114.373 11:15:20
650133.844 238538.166 114.382 11:15:21
650133.842 238538.163 114.379 11:15:22
650133.844 238538.166 114.379 11:15:23
650133.844 238538.162 114.378 11:15:24
650133.844 238538.161 114.379 11:15:25
650133.845 238538.160 114.379 11:15:26
650133.844 238538.159 114.377 11:15:27
650133.841 238538.161 114.374 11:15:28
650133.842 238538.163 114.379 11:15:29
650133.843 238538.164 114.385 11:15:30
650133.844 238538.165 114.385 11:15:31
650133.844 238538.161 114.380 11:15:32
650133.843 238538.164 114.384 11:15:33
650133.842 238538.164 114.385 11:15:34
650133.841 238538.162 114.373 11:15:35
650133.842 238538.164 114.381 11:15:36
650133.842 238538.161 114.374 11:15:37
650133.844 238538.159 114.368 11:15:38
650133.843 238538.159 114.372 11:15:39
650133.843 238538.162 114.378 11:15:40
650133.843 238538.157 114.370 11:15:41
650133.842 238538.160 114.378 11:15:42
650133.843 238538.163 114.379 11:15:43
650133.845 238538.162 114.373 11:15:44
650133.844 238538.161 114.372 11:15:45
650133.844 238538.159 114.368 11:15:46
650133.845 238538.160 114.367 11:15:47
650133.844 238538.161 114.368 11:15:48
650133.845 238538.160 114.365 11:15:49
650133.845 238538.163 114.369 11:15:50
650133.845 238538.160 114.368 11:15:51
650133.845 238538.164 114.362 11:15:52
650133.844 238538.159 114.358 11:15:53
650133.842 238538.160 114.358 11:15:54
650133.842 238538.159 114.365 11:15:55
650133.844 238538.160 114.360 11:15:56
650133.843 238538.159 114.353 11:15:57
650133.845 238538.159 114.355 11:15:58
650133.842 238538.160 114.357 11:15:59
650133.841 238538.164 114.355 11:16:00
650133.844 238538.163 114.362 11:16:01
650133.844 238538.164 114.362 11:16:02
650133.846 238538.159 114.364 11:16:03
650133.844 238538.162 114.365 11:16:04
650133.845 238538.162 114.364 11:16:05
650133.842 238538.166 114.366 11:16:06
650133.841 238538.162 114.365 11:16:07
650133.845 238538.162 114.367 11:16:08
650133.844 238538.164 114.370 11:16:09
650133.844 238538.163 114.367 11:16:10
650133.842 238538.165 114.367 11:16:11
650133.844 238538.157 114.363 11:16:12
650133.846 238538.159 114.357 11:16:13
650133.845 238538.160 114.368 11:16:14
650133.844 238538.161 114.369 11:16:15
650133.843 238538.161 114.367 11:16:16
650133.844 238538.166 114.368 11:16:17
650133.842 238538.163 114.366 11:16:18
650133.844 238538.162 114.366 11:16:19
650133.843 238538.167 114.369 11:16:20
650133.843 238538.162 114.363 11:16:21
650133.842 238538.160 114.370 11:16:22
650133.843 238538.161 114.363 11:16:23
650133.845 238538.161 114.372 11:16:24
650133.843 238538.160 114.374 11:16:25
650133.845 238538.160 114.370 11:16:26
650133.844 238538.160 114.373 11:16:27
650133.844 238538.161 114.371 11:16:28
650133.845 238538.162 114.380 11:16:29
650133.844 238538.161 114.375 11:16:30
650133.845 238538.161 114.376 11:16:31
650133.843 238538.159 114.375 11:16:32
650133.842 238538.156 114.368 11:16:33
650133.843 238538.160 114.373 11:16:34
650133.843 238538.161 114.370 11:16:35
650133.843 238538.162 114.373 11:16:36
650133.844 238538.161 114.372 11:16:37
650133.843 238538.163 114.369 11:16:38
650133.841 238538.160 114.368 11:16:39
650133.843 238538.161 114.375 11:16:40
650133.843 238538.162 114.366 11:16:41
650133.843 238538.161 114.367 11:16:42
650133.846 238538.159 114.371 11:16:43
650133.845 238538.163 114.364 11:16:44
650133.844 238538.160 114.365 11:16:45
650133.844 238538.159 114.363 11:16:46
650133.845 238538.162 114.368 11:16:47
650133.845 238538.166 114.375 11:16:48
650133.846 238538.162 114.370 11:16:49
650133.844 238538.160 114.368 11:16:50
650133.846 238538.165 114.375 11:16:51
650133.846 238538.164 114.376 11:16:52
650133.844 238538.161 114.376 11:16:53
650133.845 238538.162 114.377 11:16:54
650133.845 238538.160 114.381 11:16:55
650133.846 238538.162 114.380 11:16:56
650133.844 238538.161 114.380 11:16:57
650133.844 238538.164 114.383 11:16:58
650133.845 238538.165 114.380 11:16:59
650133.843 238538.159 114.377 11:17:00
650133.845 238538.159 114.378 11:17:01
650133.842 238538.158 114.376 11:17:02
650133.841 238538.165 114.379 11:17:03
650133.844 238538.161 114.371 11:17:04
650133.843 238538.160 114.381 11:17:05
650133.842 238538.158 114.372 11:17:06
650133.843 238538.165 114.380 11:17:07
650133.843 238538.165 114.376 11:17:08
650133.843 238538.160 114.370 11:17:09
650133.843 238538.162 114.370 11:17:10
650133.845 238538.158 114.365 11:17:11
650133.847 238538.161 114.364 11:17:12
650133.844 238538.162 114.366 11:17:13
650133.844 238538.167 114.368 11:17:14
650133.846 238538.170 114.366 11:17:15
650133.845 238538.162 114.366 11:17:16
650133.844 238538.162 114.368 11:17:17
650133.844 238538.159 114.366 11:17:18
650133.847 238538.158 114.367 11:17:19
650133.848 238538.160 114.364 11:17:20
650133.846 238538.160 114.361 11:17:21
650133.845 238538.162 114.366 11:17:22
650133.843 238538.161 114.371 11:17:23
650133.844 238538.161 114.367 11:17:24
650133.843 238538.163 114.370 11:17:25
650133.845 238538.164 114.373 11:17:26
650133.845 238538.159 114.369 11:17:27
650133.847 238538.157 114.370 11:17:28
650133.844 238538.161 114.370 11:17:29
650133.843 238538.160 114.371 11:17:30
650133.844 238538.163 114.375 11:17:31
650133.843 238538.160 114.367 11:17:32
650133.843 238538.165 114.366 11:17:33
650133.846 238538.161 114.366 11:17:34
650133.844 238538.161 114.361 11:17:35
650133.845 238538.158 114.356 11:17:36
650133.842 238538.164 114.356 11:17:37
650133.844 238538.164 114.362 11:17:38
650133.842 238538.163 114.354 11:17:39
650133.844 238538.160 114.357 11:17:40
650133.844 238538.162 114.357 11:17:41
650133.843 238538.164 114.357 11:17:42
650133.845 238538.162 114.361 11:17:43
650133.845 238538.165 114.351 11:17:44
650133.843 238538.164 114.353 11:17:45
650133.844 238538.164 114.359 11:17:46
650133.844 238538.163 114.358 11:17:47
650133.843 238538.167 114.357 11:17:48
650133.844 238538.162 114.358 11:17:49
650133.844 238538.162 114.355 11:17:50
650133.844 238538.163 114.352 11:17:51
650133.840 238538.166 114.358 11:17:52
650133.841 238538.167 114.362 11:17:53
650133.841 238538.163 114.360 11:17:54
650133.843 238538.164 114.363 11:17:55
650133.843 238538.162 114.361 11:17:56
650133.844 238538.162 114.361 11:17:57
650133.845 238538.158 114.361 11:17:58
650133.843 238538.160 114.366 11:17:59
650133.843 238538.163 114.367 11:17:60
650133.841 238538.163 114.365 11:18:01
650133.844 238538.161 114.368 11:18:02
650133.844 238538.163 114.365 11:18:03
650133.843 238538.165 114.367 11:18:04
650133.844 238538.162 114.367 11:18:05
650133.844 238538.161 114.364 11:18:06
650133.844 238538.160 114.367 11:18:07
650133.843 238538.164 114.371 11:18:08
650133.838 238538.165 114.372 11:18:09
650133.841 238538.165 114.371 11:18:10
650133.847 238538.160 114.369 11:18:11
650133.845 238538.161 114.381 11:18:12
650133.844 238538.161 114.374 11:18:13
650133.845 238538.161 114.367 11:18:14
650133.843 238538.167 114.376 11:18:15
650133.845 238538.158 114.366 11:18:16
650133.842 238538.157 114.358 11:18:17
650133.843 238538.160 114.353 11:18:18
650133.842 238538.162 114.355 11:18:19
650133.846 238538.159 114.352 11:18:20
650133.843 238538.162 114.342 11:18:21
650133.841 238538.161 114.350 11:18:22
650133.845 238538.161 114.354 11:18:23
650133.844 238538.160 114.352 11:18:24
650133.845 238538.163 114.355 11:18:25
650133.845 238538.158 114.358 11:18:26
650133.845 238538.160 114.359 11:18:27
650133.841 238538.157 114.365 11:18:28
650133.843 238538.164 114.376 11:18:29
650133.843 238538.165 114.381 11:18:30
650133.842 238538.164 114.380 11:18:31
650133.843 238538.160 114.371 11:18:32
650133.844 238538.163 114.377 11:18:33
650133.845 238538.159 114.371 11:18:34
650133.843 238538.158 114.369 11:18:35
650133.842 238538.160 114.367 11:18:36
650133.843 238538.164 114.376 11:18:37
650133.843 238538.164 114.368 11:18:38
650133.843 238538.163 114.361 11:18:39
650133.844 238538.162 114.358 11:18:40
650133.844 238538.159 114.358 11:18:41
650133.846 238538.163 114.361 11:18:42
650133.845 238538.158 114.369 11:18:43
650133.843 238538.163 114.363 11:18:44
650133.846 238538.161 114.361 11:18:45
650133.848 238538.163 114.356 11:18:46
650133.845 238538.164 114.356 11:18:47
650133.844 238538.163 114.359 11:18:48
650133.845 238538.163 114.352 11:18:49
650133.842 238538.160 114.350 11:18:50
650133.840 238538.160 114.360 11:18:51
650133.842 238538.161 114.361 11:18:52
650133.842 238538.164 114.363 11:18:53
650133.842 238538.160 114.363 11:18:54
650133.842 238538.163 114.359 11:18:55
650133.844 238538.166 114.361 11:18:56
650133.842 238538.167 114.363 11:18:57
650133.841 238538.161 114.360 11:18:58
650133.840 238538.163 114.359 11:18:59
650133.842 238538.161 114.352 11:19:00
650133.844 238538.159 114.343 11:19:01
650133.844 238538.156 114.344 11:19:02
650133.843 238538.159 114.338 11:19:03
650133.843 238538.157 114.335 11:19:04
650133.846 238538.159 114.333 11:19:05
650133.843 238538.161 114.337 11:19:06
650133.845 238538.158 114.333 11:19:07
650133.842 238538.160 114.327 11:19:08
650133.845 238538.160 114.338 11:19:09
650133.847 238538.159 114.343 11:19:10
650133.845 238538.154 114.344 11:19:11
650133.847 238538.154 114.345 11:19:12
650133.847 238538.159 114.358 11:19:13
650133.845 238538.161 114.357 11:19:14
650133.845 238538.158 114.360 11:19:15
650133.843 238538.162 114.363 11:19:16
650133.844 238538.161 114.365 11:19:17
650133.844 238538.160 114.366 11:19:18
650133.845 238538.156 114.370 11:19:19
650133.845 238538.158 114.371 11:19:20
650133.844 238538.161 114.369 11:19:21
650133.843 238538.159 114.363 11:19:22
650133.844 238538.160 114.366 11:19:23
650133.843 238538.160 114.357 11:19:24
650133.844 238538.161 114.366 11:19:25
650133.843 238538.161 114.363 11:19:26
650133.844 238538.159 114.357 11:19:27
650133.843 238538.160 114.356 11:19:28
650133.844 238538.162 114.359 11:19:29
650133.845 238538.161 114.350 11:19:30
650133.846 238538.161 114.353 11:19:31
650133.845 238538.157 114.346 11:19:32
650133.845 238538.158 114.352 11:19:33
650133.842 238538.159 114.347 11:19:34
650133.843 238538.163 114.354 11:19:35
650133.843 238538.157 114.355 11:19:36
650133.842 238538.156 114.356 11:19:37
650133.844 238538.155 114.351 11:19:38
650133.845 238538.158 114.351 11:19:39
650133.841 238538.160 114.355 11:19:40
650133.843 238538.156 114.348 11:19:41
650133.842 238538.155 114.345 11:19:42
650133.843 238538.160 114.342 11:19:43
650133.844 238538.157 114.349 11:19:44
650133.843 238538.162 114.334 11:19:45
650133.846 238538.159 114.345 11:19:46
650133.843 238538.158 114.344 11:19:47
650133.844 238538.157 114.353 11:19:48
650133.843 238538.160 114.366 11:19:49
650133.844 238538.161 114.357 11:19:50
650133.843 238538.164 114.371 11:19:51
650133.843 238538.159 114.367 11:19:52
650133.844 238538.158 114.370 11:19:53
650133.844 238538.158 114.369 11:19:54
650133.842 238538.160 114.376 11:19:55
650133.844 238538.161 114.376 11:19:56
650133.843 238538.158 114.368 11:19:57
650133.841 238538.162 114.376 11:19:58
650133.842 238538.161 114.368 11:19:59
650133.841 238538.159 114.363 11:20:00
650133.842 238538.160 114.361 11:20:01
650133.842 238538.160 114.365 11:20:02
650133.844 238538.163 114.368 11:20:03
650133.843 238538.162 114.369 11:20:04
650133.842 238538.160 114.365 11:20:05
650133.843 238538.160 114.366 11:20:06
650133.841 238538.160 114.366 11:20:07
650133.844 238538.162 114.370 11:20:08
650133.843 238538.161 114.371 11:20:09
650133.842 238538.164 114.375 11:20:10
650133.839 238538.165 114.365 11:20:11
650133.841 238538.165 114.365 11:20:12
650133.842 238538.166 114.364 11:20:13
650133.841 238538.167 114.363 11:20:14
650133.843 238538.165 114.362 11:20:15
650133.841 238538.163 114.364 11:20:16
650133.840 238538.165 114.362 11:20:17
650133.840 238538.165 114.358 11:20:18
650133.842 238538.167 114.356 11:20:19
650133.841 238538.166 114.347 11:20:20
650133.841 238538.167 114.349 11:20:21
650133.841 238538.164 114.352 11:20:22
650133.841 238538.166 114.358 11:20:23
650133.840 238538.164 114.356 11:20:24
650133.842 238538.165 114.359 11:20:25
650133.842 238538.166 114.351 11:20:26
650133.844 238538.159 114.357 11:20:27
650133.842 238538.162 114.361 11:20:28
650133.842 238538.168 114.367 11:20:29
650133.844 238538.165 114.362 11:20:30
650133.843 238538.165 114.363 11:20:31
650133.842 238538.162 114.372 11:20:32
650133.843 238538.163 114.368 11:20:33
650133.842 238538.162 114.366 11:20:34
650133.842 238538.162 114.368 11:20:35
650133.841 238538.165 114.375 11:20:36
650133.842 238538.163 114.370 11:20:37
650133.841 238538.164 114.367 11:20:38
650133.842 238538.159 114.365 11:20:39
650133.841 238538.161 114.370 11:20:40
650133.843 238538.160 114.370 11:20:41
650133.842 238538.160 114.365 11:20:42
650133.842 238538.163 114.376 11:20:43
650133.842 238538.159 114.369 11:20:44
650133.843 238538.161 114.366 11:20:45
650133.843 238538.160 114.366 11:20:46
650133.843 238538.163 114.371 11:20:47
650133.841 238538.158 114.367 11:20:48
650133.840 238538.160 114.376 11:20:49
650133.838 238538.164 114.367 11:20:50
650133.838 238538.164 114.368 11:20:51
650133.841 238538.162 114.372 11:20:52
650133.844 238538.161 114.357 11:20:53
650133.845 238538.159 114.357 11:20:54
650133.843 238538.159 114.359 11:20:55
650133.843 238538.159 114.367 11:20:56
650133.844 238538.163 114.369 11:20:57
650133.841 238538.164 114.373 11:20:58
650133.843 238538.163 114.371 11:20:59
650133.841 238538.162 114.366 11:20:60
650133.843 238538.160 114.370 11:21:01
650133.842 238538.156 114.365 11:21:02
650133.845 238538.159 114.361 11:21:03
650133.842 238538.160 114.366 11:21:04
650133.840 238538.165 114.367 11:21:05
650133.844 238538.163 114.362 11:21:06
650133.843 238538.162 114.362 11:21:07
650133.842 238538.163 114.372 11:21:08
650133.842 238538.161 114.369 11:21:09
650133.843 238538.164 114.368 11:21:10
650133.841 238538.159 114.371 11:21:11
650133.842 238538.163 114.375 11:21:12
650133.841 238538.165 114.377 11:21:13
650133.841 238538.163 114.365 11:21:14
650133.843 238538.164 114.361 11:21:15
650133.842 238538.166 114.363 11:21:16
650133.841 238538.163 114.355 11:21:17
650133.841 238538.161 114.358 11:21:18
650133.841 238538.164 114.358 11:21:19
650133.841 238538.162 114.353 11:21:20
650133.841 238538.164 114.355 11:21:21
650133.841 238538.164 114.353 11:21:22
650133.841 238538.164 114.357 11:21:23
650133.841 238538.162 114.361 11:21:24
650133.842 238538.161 114.358 11:21:25
650133.842 238538.162 114.353 11:21:26
650133.842 238538.161 114.358 11:21:27
650133.841 238538.160 114.359 11:21:28
650133.844 238538.162 114.361 11:21:29
650133.842 238538.161 114.361 11:21:30
650133.841 238538.159 114.361 11:21:31
650133.840 238538.158 114.359 11:21:32
650133.841 238538.161 114.360 11:21:33
650133.842 238538.165 114.370 11:21:34
650133.840 238538.163 114.369 11:21:35
650133.839 238538.163 114.367 11:21:36
650133.841 238538.159 114.371 11:21:37
650133.841 238538.158 114.358 11:21:38
650133.842 238538.161 114.362 11:21:39
650133.842 238538.158 114.357 11:21:40
650133.839 238538.160 114.351 11:21:41
650133.839 238538.160 114.349 11:21:42
650133.839 238538.163 114.354 11:21:43
650133.841 238538.160 114.348 11:21:44
650133.841 238538.164 114.349 11:21:45
650133.841 238538.161 114.346 11:21:46
650133.841 238538.157 114.352 11:21:47
650133.843 238538.159 114.353 11:21:48
650133.841 238538.159 114.356 11:21:49
650133.840 238538.162 114.353 11:21:50
650133.839 238538.163 114.347 11:21:51
650133.839 238538.161 114.337 11:21:52
650133.841 238538.158 114.329 11:21:53
650133.840 238538.159 114.325 11:21:54
650133.842 238538.155 114.326 11:21:55
650133.841 238538.156 114.321 11:21:56
650133.841 238538.157 114.325 11:21:57
650133.845 238538.162 114.331 11:21:58
650133.845 238538.157 114.338 11:21:59
650133.844 238538.163 114.343 11:22:00
650133.844 238538.160 114.341 11:22:01
650133.843 238538.162 114.337 11:22:02
650133.844 238538.160 114.344 11:22:03
650133.844 238538.161 114.347 11:22:04
650133.841 238538.163 114.351 11:22:05
650133.841 238538.161 114.353 11:22:06
650133.843 238538.163 114.359 11:22:07
650133.843 238538.161 114.364 11:22:08
650133.838 238538.164 114.375 11:22:09
650133.838 238538.166 114.374 11:22:10
650133.842 238538.167 114.380 11:22:11
650133.838 238538.163 114.377 11:22:12
650133.840 238538.161 114.373 11:22:13
650133.841 238538.162 114.363 11:22:14
650133.843 238538.161 114.362 11:22:15
650133.844 238538.162 114.367 11:22:16
650133.842 238538.163 114.366 11:22:17
650133.843 238538.160 114.364 11:22:18
650133.843 238538.166 114.368 11:22:19
650133.843 238538.164 114.362 11:22:20
650133.844 238538.162 114.361 11:22:21
650133.841 238538.162 114.360 11:22:22
650133.843 238538.159 114.363 11:22:23
650133.842 238538.159 114.365 11:22:24
650133.841 238538.163 114.370 11:22:25
650133.843 238538.167 114.367 11:22:26
650133.844 238538.166 114.374 11:22:27
650133.843 238538.161 114.359 11:22:28
650133.844 238538.164 114.362 11:22:29
650133.843 238538.165 114.368 11:22:30
650133.844 238538.166 114.371 11:22:31
650133.840 238538.164 114.371 11:22:32
650133.840 238538.163 114.358 11:22:33
650133.839 238538.159 114.358 11:22:34
650133.841 238538.162 114.354 11:22:35
650133.843 238538.159 114.351 11:22:36
650133.842 238538.160 114.351 11:22:37
650133.841 238538.156 114.334 11:22:38
650133.839 238538.159 114.338 11:22:39
650133.843 238538.162 114.341 11:22:40
650133.841 238538.162 114.339 11:22:41
650133.841 238538.162 114.339 11:22:42
650133.844 238538.161 114.340 11:22:43
650133.841 238538.161 114.340 11:22:44
650133.843 238538.158 114.337 11:22:45
650133.843 238538.162 114.332 11:22:46
650133.841 238538.160 114.342 11:22:47
650133.840 238538.161 114.345 11:22:48
650133.840 238538.160 114.355 11:22:49
650133.842 238538.160 114.357 11:22:50
650133.840 238538.162 114.362 11:22:51
650133.842 238538.164 114.365 11:22:52
650133.842 238538.163 114.369 11:22:53
650133.841 238538.160 114.374 11:22:54
650133.840 238538.159 114.369 11:22:55
650133.840 238538.164 114.371 11:22:56
650133.841 238538.163 114.369 11:22:57
