1.54496647e+01 1.87239071e+01
1.34258289e+01 2.10812573e+01
1.19040130e+00 1.62648757e+01
6.34624939e+00 1.15253019e+01
9.62171488e+00 1.55122616e+01
4.94815906e+00 1.50434476e+01
-3.36220278e+00 9.59891609e+00
1.84228799e+01 2.52983820e+01
1.02023716e+01 1.12818673e+01
4.32323336e+00 1.60629519e+01
2.03486842e+00 1.40494764e+01
1.22213484e+01 2.03791827e+01
3.44708281e+00 1.88672732e+01
5.23898943e+00 2.53343924e+01
9.15086646e+00 1.75504563e+01
1.90760582e+01 2.19296083e+01
1.29636575e+01 1.45143373e+01
1.52440635e-02 1.65491198e+01
2.10110720e+01 2.39996859e+01
8.92708904e+00 1.87166011e+01
7.93634176e+00 1.62501613e+01
1.52604966e+01 2.68268804e+01
1.43715853e+00 1.60704403e+01
4.63082401e-01 1.55518993e+01
1.61490479e+01 2.27532053e+01
1.38634533e+01 2.11029906e+01
1.99001917e+01 2.68112444e+01
1.54583541e+01 2.57050061e+01
1.19720791e+01 2.29601836e+01
1.15577289e+00 1.52570689e+01
1.70753482e+01 1.77051225e+01
1.74068407e+01 2.16545018e+01
7.32121960e+00 1.81668763e+01
-6.69148716e-01 1.60112265e+01
1.84237621e+00 1.37793399e+01
5.29304310e+00 2.66197751e+01
-2.75710609e+00 1.26834230e+01
1.48514965e+01 2.79216307e+01
1.43818192e+01 2.03581687e+01
9.26147990e+00 2.04559748e+01
2.52195589e+00 1.39889500e+01
4.39538461e+00 1.05306296e+01
6.15280267e+00 1.74993250e+01
4.65293678e+00 1.35211417e+01
3.83728731e+00 2.14830430e+01
-3.11316464e+00 1.01047411e+01
1.06423379e+01 2.02454497e+01
1.13457632e+01 1.68422377e+01
8.95445665e+00 1.39524466e+01
4.75302037e+00 2.06860898e+01
3.72502479e+00 1.62141318e+01
7.42695073e+00 2.08994724e+01
7.28003868e+00 1.90945646e+01
7.29675801e+00 2.28385983e+01
5.18477895e+00 1.60617984e+01
-1.58522913e+00 1.73435514e+01
1.24733356e+01 1.60402621e+01
1.05338295e+01 1.67654000e+01
2.08468397e+01 2.39818284e+01
2.39515314e+01 3.16570863e+01
2.94485287e+01 3.09852097e+01
1.43407715e+01 2.90518721e+01
1.37710762e+01 2.07345192e+01
1.97803926e+01 2.77248185e+01
1.75736899e+01 2.71632374e+01
1.90206075e+01 2.95951881e+01
1.51164146e+01 2.62394835e+01
-3.40745964e+00 1.30272841e+01
-4.76817069e+00 1.78511511e+01
1.94497523e+01 2.71746698e+01
1.05811074e+01 2.63486851e+01
2.04936710e+01 2.63096330e+01
1.86903702e+01 2.43059310e+01
3.02034874e+00 1.83524934e+01
1.37575641e+01 2.48149211e+01
1.06288641e+01 2.24019192e+01
2.77001816e+01 2.20747136e+01
1.91324865e+01 1.92102196e+01
-5.94292493e+00 1.28871088e+01
9.68771866e+00 2.04471817e+01
1.31379511e+01 2.54304708e+01
1.86612838e+01 2.11389170e+01
1.14679171e+01 2.28235670e+01
2.94742153e+01 2.94254279e+01
9.44114245e+00 1.90074372e+01
1.10644160e+01 1.95567974e+01
1.16335823e+01 1.43875635e+01
8.15256263e+00 2.39035883e+01
8.79493706e+00 2.02918459e+01
2.68810149e+01 3.13798718e+01
1.79169360e+01 2.05954337e+01
8.48676550e+00 2.29585789e+01
9.58232108e+00 2.83682992e+01
9.09543704e+00 1.92452718e+01
-2.14227255e+00 1.60730267e+01
4.04770503e+00 2.00066763e+01
-1.28059489e+00 8.01159294e+00
1.91684084e+01 2.79591773e+01
2.40018836e+01 2.72156943e+01
1.39339848e+00 1.96451571e+01
