-97.4704 -175.0972 5.3846 10:58:35
-97.4701 -175.0961 5.3903 10:58:36
-97.4712 -175.0965 5.3937 10:58:37
-97.4720 -175.0950 5.3913 10:58:38
-97.4674 -175.1011 5.3912 10:58:40
-97.4717 -175.0974 5.3925 10:58:41
-97.4710 -175.0956 5.3897 10:58:42
-97.4718 -175.0964 5.3845 10:58:43
-97.4701 -175.0962 5.3843 10:58:44
-97.4701 -175.0952 5.3822 10:58:46
-97.4725 -175.0939 5.3773 10:58:47
-97.4717 -175.0945 5.3748 10:58:48
-97.4732 -175.0948 5.3707 10:58:49
-97.4715 -175.0958 5.3697 10:58:50
-97.4733 -175.0937 5.3690 10:58:51
-97.4725 -175.0941 5.3677 10:58:52
-97.4727 -175.0952 5.3673 10:58:53
-97.4724 -175.0942 5.3679 10:58:54
-97.4753 -175.0948 5.3700 10:58:55
-97.4745 -175.0952 5.3738 10:58:56
-97.4719 -175.0955 5.3754 10:58:57
-97.4751 -175.0959 5.3770 10:58:59
-97.4713 -175.0968 5.3793 10:58:60
-97.4733 -175.0968 5.3795 10:59:01
-97.4733 -175.0946 5.3789 10:59:02
-97.4721 -175.0964 5.3777 10:59:03
-97.4720 -175.0966 5.3733 10:59:04
-97.4732 -175.0969 5.3810 10:59:05
-97.4723 -175.0959 5.3933 10:59:06
-97.4729 -175.0946 5.3857 10:59:07
-97.4683 -175.0960 5.3876 10:59:08
-97.4713 -175.0944 5.3865 10:59:09
-97.4705 -175.0938 5.3805 10:59:10
-97.4705 -175.0951 5.3773 10:59:11
-97.4712 -175.0947 5.3726 10:59:12
-97.4699 -175.0956 5.3688 10:59:13
-97.4709 -175.0939 5.3667 10:59:15
-97.4707 -175.0941 5.3660 10:59:16
-97.4699 -175.0958 5.3617 10:59:17
-97.4708 -175.0953 5.3606 10:59:18
-97.4718 -175.0959 5.3593 10:59:19
-97.4704 -175.0979 5.3589 10:59:20
-97.4700 -175.0969 5.3594 10:59:21
-97.4725 -175.0966 5.3635 10:59:22
-97.4731 -175.0962 5.3637 10:59:23
-97.4728 -175.0963 5.3675 10:59:24
-97.4714 -175.0969 5.3730 10:59:25
-97.4740 -175.0954 5.3757 10:59:26
-97.4730 -175.0947 5.3816 10:59:27
-97.4694 -175.0979 5.3794 10:59:28
-97.4710 -175.0945 5.3848 10:59:30
-97.4730 -175.0946 5.3854 10:59:31
-97.4718 -175.0964 5.3865 10:59:32
-97.4728 -175.0958 5.3854 10:59:33
-97.4678 -175.0986 5.3863 10:59:34
-97.4742 -175.0939 5.3849 10:59:35
-97.4688 -175.0959 5.3808 10:59:36
-97.4700 -175.0963 5.3831 10:59:38
-97.4729 -175.0935 5.3844 10:59:39
-97.4719 -175.0952 5.3849 10:59:40
-97.4723 -175.0950 5.3857 10:59:41
-97.4747 -175.0937 5.3824 10:59:42
-97.4713 -175.0956 5.3836 10:59:43
-97.4735 -175.0954 5.3857 10:59:45
-97.4729 -175.0956 5.3911 10:59:46
-97.4705 -175.0959 5.3904 10:59:47
-97.4736 -175.0952 5.3942 10:59:48
-97.4718 -175.0940 5.3900 10:59:49
-97.4707 -175.0968 5.3936 10:59:50
-97.4720 -175.0950 5.3907 10:59:51
-97.4711 -175.0955 5.3912 10:59:52
-97.4700 -175.0949 5.3940 10:59:53
-97.4707 -175.0969 5.3903 10:59:54
-97.4741 -175.0937 5.3924 10:59:55
-97.4716 -175.0941 5.3904 10:59:56
-97.4763 -175.0927 5.3872 10:59:57
-97.4740 -175.0940 5.3868 10:59:59
-97.4722 -175.0939 5.3846 11:00:00
-97.4731 -175.0968 5.3870 11:00:01
-97.4726 -175.0948 5.3857 11:00:02
-97.4713 -175.0955 5.3875 11:00:03
-97.4733 -175.0932 5.3880 11:00:04
-97.4724 -175.0938 5.3813 11:00:05
-97.4699 -175.0941 5.3811 11:00:07
-97.4690 -175.0981 5.3798 11:00:08
-97.4709 -175.0961 5.3723 11:00:09
-97.4746 -175.0940 5.3712 11:00:10
-97.4748 -175.0951 5.3681 11:00:11
-97.4728 -175.0963 5.3660 11:00:12
-97.4717 -175.0969 5.3687 11:00:13
-97.4740 -175.0966 5.3717 11:00:14
-97.4726 -175.0974 5.3751 11:00:15
-97.4735 -175.0957 5.3726 11:00:16
-97.4731 -175.0959 5.3758 11:00:17
-97.4751 -175.0949 5.3714 11:00:19
-97.4765 -175.0941 5.3720 11:00:20
-97.4734 -175.0971 5.3683 11:00:21
-97.4729 -175.0950 5.3695 11:00:22
-97.4747 -175.0940 5.3681 11:00:23
-97.4727 -175.0953 5.3631 11:00:24
-97.4749 -175.0939 5.3687 11:00:25
-97.4735 -175.0958 5.3693 11:00:26
-97.4703 -175.0963 5.3766 11:00:27
-97.4733 -175.0958 5.3751 11:00:28
-97.4721 -175.0952 5.3811 11:00:29
-97.4724 -175.0961 5.3823 11:00:30
-97.4710 -175.0969 5.3839 11:00:31
-97.4727 -175.0959 5.3864 11:00:32
-97.4737 -175.0952 5.3885 11:00:34
-97.4710 -175.0957 5.3870 11:00:35
-97.4711 -175.0967 5.3879 11:00:36
-97.4719 -175.0952 5.3836 11:00:37
-97.4709 -175.0946 5.3856 11:00:38
-97.4712 -175.0957 5.3831 11:00:39
-97.4724 -175.0950 5.3808 11:00:40
-97.4735 -175.0946 5.3741 11:00:41
-97.4714 -175.0947 5.3698 11:00:42
-97.4722 -175.0943 5.3668 11:00:43
-97.4731 -175.0940 5.3603 11:00:44
-97.4731 -175.0953 5.3549 11:00:45
-97.4740 -175.0948 5.3555 11:00:46
-97.4747 -175.0966 5.3587 11:00:47
-97.4707 -175.0987 5.3638 11:00:48
-97.4740 -175.0968 5.3671 11:00:50
-97.4704 -175.0976 5.3701 11:00:51
-97.4728 -175.0951 5.3697 11:00:52
-97.4740 -175.0956 5.3684 11:00:53
-97.4710 -175.0974 5.3640 11:00:54
-97.4777 -175.0937 5.3588 11:00:55
-97.4726 -175.0944 5.3551 11:00:56
-97.4745 -175.0945 5.3543 11:00:57
-97.4744 -175.0945 5.3568 11:00:58
-97.4745 -175.0944 5.3577 11:00:59
-97.4726 -175.0976 5.3652 11:01:00
-97.4705 -175.0964 5.3677 11:01:01
-97.4739 -175.0955 5.3723 11:01:03
-97.4739 -175.0944 5.3747 11:01:04
-97.4701 -175.0976 5.3733 11:01:05
-97.4709 -175.0959 5.3813 11:01:06
-97.4709 -175.0971 5.3799 11:01:07
-97.4731 -175.0946 5.3817 11:01:08
-97.4711 -175.0946 5.3812 11:01:09
-97.4710 -175.0935 5.3808 11:01:10
-97.4728 -175.0970 5.3832 11:01:11
-97.4718 -175.0965 5.3823 11:01:12
-97.4731 -175.0957 5.3837 11:01:13
-97.4720 -175.0964 5.3833 11:01:14
-97.4733 -175.0956 5.3842 11:01:15
-97.4716 -175.0955 5.3809 11:01:16
-97.4725 -175.0960 5.3848 11:01:17
-97.4724 -175.0950 5.3823 11:01:18
-97.4713 -175.0944 5.3850 11:01:19
-97.4718 -175.0954 5.3803 11:01:20
-97.4731 -175.0947 5.3787 11:01:22
-97.4698 -175.0954 5.3787 11:01:23
-97.4710 -175.0971 5.3758 11:01:24
-97.4712 -175.0958 5.3772 11:01:25
-97.4719 -175.0943 5.3756 11:01:26
-97.4728 -175.0960 5.3789 11:01:27
-97.4718 -175.0955 5.3781 11:01:28
-97.4708 -175.0971 5.3806 11:01:29
-97.4688 -175.0970 5.3809 11:01:30
-97.4723 -175.0963 5.3758 11:01:31
-97.4720 -175.0964 5.3805 11:01:33
-97.4730 -175.0959 5.3777 11:01:34
-97.4711 -175.0969 5.3808 11:01:35
-97.4700 -175.0963 5.3841 11:01:36
-97.4727 -175.0971 5.3836 11:01:37
-97.4712 -175.0979 5.3844 11:01:38
-97.4709 -175.0958 5.3830 11:01:39
-97.4720 -175.0963 5.3845 11:01:40
-97.4738 -175.0953 5.3841 11:01:42
-97.4713 -175.0957 5.3782 11:01:43
-97.4731 -175.0948 5.3725 11:01:44
-97.4723 -175.0943 5.3681 11:01:45
-97.4721 -175.0957 5.3619 11:01:46
-97.4733 -175.0951 5.3574 11:01:47
-97.4730 -175.0965 5.3556 11:01:48
-97.4765 -175.0955 5.3624 11:01:49
-97.4743 -175.0966 5.3653 11:01:50
-97.4752 -175.0947 5.3749 11:01:51
-97.4773 -175.0935 5.3783 11:01:52
-97.4725 -175.0961 5.3788 11:01:53
-97.4750 -175.0947 5.3834 11:01:54
-97.4726 -175.0961 5.3796 11:01:56
-97.4724 -175.0973 5.3812 11:01:57
-97.4735 -175.0967 5.3816 11:01:58
-97.4712 -175.0967 5.3850 11:01:59
-97.4702 -175.0973 5.3834 11:01:60
-97.4719 -175.0940 5.3862 11:02:01
-97.4721 -175.0952 5.3807 11:02:02
-97.4731 -175.0957 5.3816 11:02:03
-97.4690 -175.0969 5.3841 11:02:04
-97.4722 -175.0956 5.3613 11:02:05
-97.4703 -175.0978 5.3607 11:02:06
-97.4751 -175.0946 5.3841 11:02:07
-97.4672 -175.0991 5.3805 11:02:08
-97.4710 -175.0959 5.3797 11:02:10
-97.4708 -175.0949 5.3769 11:02:11
-97.4687 -175.0974 5.3695 11:02:12
-97.4709 -175.0986 5.3662 11:02:13
-97.4721 -175.0979 5.3643 11:02:14
-97.4711 -175.0973 5.3652 11:02:15
-97.4720 -175.0967 5.3670 11:02:17
-97.4725 -175.0957 5.3954 11:02:18
-97.4737 -175.0967 5.3784 11:02:19
-97.4719 -175.0975 5.3850 11:02:20
-97.4736 -175.0979 5.3786 11:02:21
-97.4708 -175.0971 5.3813 11:02:22
-97.4693 -175.0991 5.3813 11:02:23
-97.4680 -175.0974 5.3826 11:02:25
-97.4693 -175.0979 5.3833 11:02:26
-97.4718 -175.0965 5.3804 11:02:27
-97.4672 -175.0991 5.3825 11:02:28
-97.4688 -175.0970 5.3833 11:02:29
-97.4691 -175.0980 5.3825 11:02:32
-97.4696 -175.0965 5.3827 11:02:33
-97.4667 -175.0970 5.3844 11:02:34
-97.4675 -175.0977 5.3829 11:02:35
-97.4703 -175.0973 5.3840 11:02:36
-97.4704 -175.0973 5.3800 11:02:37
-97.4715 -175.0951 5.3964 11:02:38
-97.4732 -175.0945 5.3820 11:02:39
-97.4719 -175.0965 5.3792 11:02:40
-97.4725 -175.0962 5.3787 11:02:41
-97.4695 -175.0967 5.3790 11:02:42
-97.4716 -175.0967 5.3796 11:02:43
-97.4736 -175.0954 5.3823 11:02:44
-97.4724 -175.0951 5.3804 11:02:45
-97.4708 -175.0957 5.3902 11:02:47
-97.4719 -175.0975 5.3871 11:02:48
-97.4735 -175.0953 5.3894 11:02:49
-97.4737 -175.0963 5.3911 11:02:50
-97.4737 -175.0952 5.3891 11:02:51
-97.4727 -175.0958 5.3894 11:02:52
-97.4708 -175.0958 5.3858 11:02:53
-97.4711 -175.0968 5.3845 11:02:54
-97.4717 -175.0965 5.3816 11:02:55
-97.4730 -175.0947 5.3803 11:02:56
-97.4727 -175.0960 5.3792 11:02:58
-97.4721 -175.0963 5.3832 11:02:59
-97.4714 -175.0955 5.3823 11:02:60
-97.4726 -175.0937 5.3857 11:03:01
-97.4730 -175.0957 5.3850 11:03:02
-97.4717 -175.0965 5.3837 11:03:03
-97.4696 -175.0977 5.3822 11:03:04
-97.4727 -175.0960 5.3819 11:03:05
-97.4723 -175.0962 5.3812 11:03:06
-97.4706 -175.0972 5.3820 11:03:07
-97.4712 -175.0981 5.3787 11:03:08
-97.4730 -175.0959 5.3786 11:03:09
-97.4718 -175.0976 5.3803 11:03:10
-97.4715 -175.0955 5.3832 11:03:11
-97.4733 -175.0968 5.3824 11:03:12
-97.4701 -175.0951 5.3838 11:03:14
-97.4711 -175.0945 5.3830 11:03:15
-97.4713 -175.0967 5.3850 11:03:16
-97.4699 -175.0987 5.3834 11:03:17
-97.4711 -175.0957 5.3831 11:03:18
-97.4697 -175.0964 5.3857 11:03:19
-97.4707 -175.0947 5.3854 11:03:20
-97.4696 -175.0965 5.3839 11:03:21
-97.4712 -175.0955 5.3891 11:03:22
-97.4719 -175.0962 5.3910 11:03:23
-97.4719 -175.0952 5.3877 11:03:24
-97.4725 -175.0959 5.3899 11:03:25
-97.4722 -175.0973 5.3884 11:03:26
-97.4728 -175.0969 5.3872 11:03:27
-97.4743 -175.0950 5.3865 11:03:28
-97.4729 -175.0958 5.3839 11:03:29
-97.4713 -175.0978 5.3853 11:03:31
-97.4728 -175.0947 5.3825 11:03:32
-97.4708 -175.0959 5.3812 11:03:33
-97.4700 -175.0975 5.3801 11:03:34
-97.4709 -175.0959 5.3780 11:03:35
-97.4693 -175.0969 5.3771 11:03:36
-97.4712 -175.0970 5.3750 11:03:37
-97.4690 -175.0971 5.3759 11:03:38
-97.4705 -175.0986 5.3732 11:03:39
-97.4707 -175.0972 5.3759 11:03:40
-97.4684 -175.0974 5.3749 11:03:41
-97.4701 -175.0976 5.3775 11:03:43
-97.4709 -175.0970 5.3802 11:03:44
-97.4713 -175.0968 5.3786 11:03:45
-97.4689 -175.0971 5.3778 11:03:46
-97.4718 -175.0966 5.3768 11:03:47
-97.4698 -175.0966 5.3756 11:03:48
-97.4703 -175.0963 5.3760 11:03:49
-97.4704 -175.0963 5.3741 11:03:51
-97.4717 -175.0967 5.3745 11:03:52
-97.4714 -175.0958 5.3712 11:03:53
-97.4703 -175.0964 5.3731 11:03:54
-97.4724 -175.0964 5.3729 11:03:55
-97.4721 -175.0965 5.3727 11:03:56
-97.4729 -175.0960 5.3742 11:03:57
-97.4740 -175.0954 5.3769 11:03:58
-97.4729 -175.0961 5.3733 11:03:59
-97.4710 -175.0960 5.3726 11:04:00
-97.4729 -175.0961 5.3732 11:04:01
-97.4691 -175.0971 5.3733 11:04:02
-97.4712 -175.0958 5.3767 11:04:03
-97.4714 -175.0957 5.3767 11:04:04
-97.4708 -175.0971 5.3782 11:04:05
-97.4724 -175.0950 5.3791 11:04:06
-97.4714 -175.0968 5.3792 11:04:07
-97.4713 -175.0968 5.3812 11:04:08
-97.4712 -175.0967 5.3855 11:04:10
-97.4721 -175.0975 5.3808 11:04:11
-97.4704 -175.0972 5.3856 11:04:12
-97.4720 -175.0962 5.3880 11:04:13
-97.4704 -175.0960 5.3865 11:04:14
-97.4715 -175.0955 5.3837 11:04:15
-97.4736 -175.0942 5.3855 11:04:16
-97.4690 -175.0969 5.3818 11:04:17
-97.4739 -175.0941 5.3835 11:04:18
-97.4712 -175.0956 5.3836 11:04:20
-97.4715 -175.0966 5.3839 11:04:21
-97.4726 -175.0949 5.3835 11:04:22
-97.4714 -175.0955 5.3822 11:04:23
-97.4710 -175.0957 5.3852 11:04:24
-97.4725 -175.0961 5.3816 11:04:25
-97.4718 -175.0953 5.3826 11:04:26
-97.4722 -175.0951 5.3837 11:04:27
-97.4717 -175.0953 5.3853 11:04:28
-97.4705 -175.0960 5.3839 11:04:29
-97.4717 -175.0965 5.3837 11:04:30
-97.4719 -175.0964 5.3855 11:04:31
-97.4719 -175.0963 5.3865 11:04:32
-97.4727 -175.0959 5.3863 11:04:33
-97.4734 -175.0944 5.3821 11:04:34
-97.4722 -175.0963 5.3802 11:04:35
-97.4720 -175.0941 5.3814 11:04:36
-97.4729 -175.0970 5.3823 11:04:37
-97.4731 -175.0946 5.3815 11:04:38
-97.4738 -175.0953 5.3828 11:04:40
-97.4718 -175.0952 5.3858 11:04:41
-97.4720 -175.0963 5.3860 11:04:42
-97.4724 -175.0960 5.3869 11:04:43
-97.4724 -175.0960 5.3857 11:04:44
-97.4731 -175.0956 5.3873 11:04:45
-97.4713 -175.0955 5.3842 11:04:46
-97.4727 -175.0959 5.3865 11:04:47
-97.4722 -175.0949 5.3882 11:04:48
-97.4715 -175.0965 5.3862 11:04:49
-97.4697 -175.0964 5.3866 11:04:50
-97.4711 -175.0968 5.3857 11:04:52
-97.4694 -175.0977 5.3864 11:04:53
-97.4687 -175.0982 5.3840 11:04:54
-97.4710 -175.0968 5.3859 11:04:55
-97.4672 -175.0980 5.3807 11:04:56
-97.4699 -175.0965 5.3812 11:04:57
-97.4709 -175.0960 5.3766 11:04:59
-97.4724 -175.0951 5.3770 11:04:60
-97.4723 -175.0963 5.3785 11:05:01
-97.4714 -175.0967 5.3827 11:05:02
-97.4713 -175.0957 5.3797 11:05:03
-97.4728 -175.0948 5.3799 11:05:04
-97.4720 -175.0952 5.3811 11:05:06
-97.4737 -175.0943 5.3795 11:05:07
-97.4746 -175.0949 5.3804 11:05:08
-97.4719 -175.0964 5.3824 11:05:09
-97.4710 -175.0958 5.3792 11:05:10
-97.4707 -175.0960 5.3783 11:05:11
-97.4713 -175.0945 5.3798 11:05:12
-97.4721 -175.0952 5.3782 11:05:13
-97.4716 -175.0959 5.3632 11:05:14
-97.4704 -175.0979 5.3563 11:05:15
-97.4708 -175.0971 5.3785 11:05:17
-97.4719 -175.0953 5.3799 11:05:18
-97.4702 -175.0963 5.3793 11:05:19
-97.4696 -175.0966 5.3816 11:05:20
-97.4705 -175.0961 5.3834 11:05:21
-97.4729 -175.0937 5.3785 11:05:22
-97.4710 -175.0959 5.3786 11:05:23
-97.4708 -175.0949 5.3754 11:05:24
-97.4712 -175.0937 5.3685 11:05:25
-97.4725 -175.0942 5.3660 11:05:26
-97.4727 -175.0943 5.3586 11:05:27
-97.4722 -175.0958 5.3545 11:05:29
-97.4728 -175.0967 5.3521 11:05:30
-97.4725 -175.0964 5.3701 11:05:31
-97.4752 -175.0946 5.3802 11:05:32
-97.4759 -175.0958 5.3632 11:05:33
-97.4745 -175.0953 5.3699 11:05:34
-97.4739 -175.0955 5.3738 11:05:36
-97.4753 -175.0957 5.3796 11:05:37
-97.4748 -175.0959 5.3833 11:05:38
-97.4747 -175.0960 5.3820 11:05:39
-97.4724 -175.0973 5.3840 11:05:40
-97.4729 -175.0948 5.3798 11:05:41
-97.4738 -175.0953 5.3837 11:05:42
-97.4744 -175.0950 5.3817 11:05:43
-97.4745 -175.0949 5.3820 11:05:44
-97.4729 -175.0958 5.3856 11:05:45
-97.4710 -175.0979 5.3894 11:05:46
-97.4736 -175.0953 5.3888 11:05:47
-97.4732 -175.0955 5.3898 11:05:49
-97.4726 -175.0970 5.3901 11:05:50
-97.4728 -175.0969 5.3874 11:05:51
-97.4745 -175.0947 5.3928 11:05:52
-97.4735 -175.0965 5.3880 11:05:53
-97.4746 -175.0937 5.3865 11:05:54
-97.4774 -175.0932 5.3847 11:05:55
-97.4733 -175.0944 5.3869 11:05:56
-97.4732 -175.0944 5.3888 11:05:57
-97.4745 -175.0937 5.3878 11:05:58
-97.4737 -175.0941 5.3875 11:05:59
-97.4715 -175.0954 5.3860 11:06:00
-97.4750 -175.0946 5.3850 11:06:01
-97.4709 -175.0969 5.3849 11:06:02
-97.4720 -175.0951 5.3844 11:06:03
-97.4729 -175.0947 5.3830 11:06:04
-97.4734 -175.0944 5.3839 11:06:05
-97.4743 -175.0950 5.3859 11:06:06
-97.4711 -175.0968 5.3850 11:06:07
-97.4746 -175.0948 5.3859 11:06:09
-97.4745 -175.0949 5.3849 11:06:10
-97.4712 -175.0978 5.3880 11:06:11
-97.4736 -175.0965 5.3878 11:06:12
-97.4717 -175.0975 5.3878 11:06:13
-97.4731 -175.0957 5.3844 11:06:14
-97.4727 -175.0958 5.3874 11:06:15
-97.4735 -175.0955 5.3851 11:06:16
-97.4726 -175.0970 5.3873 11:06:17
-97.4735 -175.0942 5.3896 11:06:18
-97.4734 -175.0966 5.3882 11:06:19
-97.4732 -175.0943 5.3896 11:06:20
-97.4745 -175.0948 5.3877 11:06:21
-97.4737 -175.0953 5.3867 11:06:22
-97.4728 -175.0957 5.3891 11:06:24
-97.4723 -175.0949 5.3857 11:06:25
-97.4745 -175.0949 5.3857 11:06:26
-97.4734 -175.0955 5.3838 11:06:27
-97.4724 -175.0961 5.3837 11:06:28
-97.4728 -175.0958 5.3851 11:06:29
-97.4729 -175.0957 5.3876 11:06:30
-97.4742 -175.0950 5.3881 11:06:31
-97.4726 -175.0959 5.3869 11:06:32
-97.4718 -175.0952 5.3849 11:06:33
-97.4736 -175.0965 5.3867 11:06:34
-97.4727 -175.0959 5.3835 11:06:35
-97.4728 -175.0959 5.3837 11:06:36
-97.4726 -175.0949 5.3804 11:06:37
-97.4737 -175.0943 5.3786 11:06:38
-97.4730 -175.0947 5.3804 11:06:39
-97.4715 -175.0956 5.3772 11:06:41
-97.4729 -175.0937 5.3775 11:06:42
-97.4738 -175.0933 5.3715 11:06:43
-97.4705 -175.0952 5.3710 11:06:44
-97.4713 -175.0947 5.3737 11:06:45
-97.4720 -175.0955 5.3727 11:06:46
-97.4723 -175.0953 5.3729 11:06:47
-97.4713 -175.0958 5.3736 11:06:48
-97.4716 -175.0944 5.3760 11:06:49
-97.4718 -175.0944 5.3737 11:06:50
-97.4713 -175.0946 5.3749 11:06:51
-97.4712 -175.0959 5.3735 11:06:52
-97.4716 -175.0945 5.3724 11:06:54
-97.4713 -175.0946 5.3746 11:06:55
-97.4740 -175.0943 5.3725 11:06:56
-97.4722 -175.0952 5.3774 11:06:57
-97.4720 -175.0955 5.3731 11:06:58
-97.4711 -175.0971 5.3738 11:06:59
-97.4744 -175.0940 5.3776 11:07:00
-97.4723 -175.0951 5.3779 11:07:01
-97.4723 -175.0951 5.3789 11:07:02
-97.4735 -175.0945 5.3758 11:07:03
-97.4727 -175.0951 5.3704 11:07:04
-97.4707 -175.0962 5.3742 11:07:05
-97.4725 -175.0951 5.3758 11:07:07
-97.4720 -175.0942 5.3764 11:07:08
-97.4702 -175.0964 5.3758 11:07:09
-97.4721 -175.0953 5.3758 11:07:10
-97.4720 -175.0954 5.3776 11:07:11
-97.4728 -175.0949 5.3777 11:07:12
-97.4745 -175.0940 5.3754 11:07:13
-97.4697 -175.0966 5.3772 11:07:14
-97.4721 -175.0953 5.3793 11:07:15
-97.4725 -175.0951 5.3776 11:07:16
-97.4741 -175.0940 5.3825 11:07:17
-97.4715 -175.0956 5.3761 11:07:18
-97.4711 -175.0970 5.3777 11:07:19
-97.4699 -175.0977 5.3758 11:07:20
-97.4698 -175.0966 5.3752 11:07:22
-97.4745 -175.0952 5.3724 11:07:23
-97.4737 -175.0934 5.3705 11:07:24
-97.4738 -175.0945 5.3698 11:07:25
-97.4752 -175.0949 5.3688 11:07:26
-97.4728 -175.0950 5.3710 11:07:27
-97.4731 -175.0950 5.3670 11:07:28
-97.4735 -175.0948 5.3641 11:07:29
-97.4747 -175.0942 5.3631 11:07:30
-97.4738 -175.0946 5.3660 11:07:31
-97.4776 -175.0927 5.3582 11:07:32
-97.4740 -175.0947 5.3601 11:07:33
-97.4731 -175.0963 5.3585 11:07:34
-97.4753 -175.0949 5.3642 11:07:35
-97.4754 -175.0948 5.3679 11:07:37
-97.4743 -175.0953 5.3732 11:07:38
-97.4748 -175.0961 5.3771 11:07:39
-97.4734 -175.0967 5.3820 11:07:40
-97.4741 -175.0951 5.3847 11:07:41
-97.4752 -175.0956 5.3855 11:07:42
-97.4756 -175.0942 5.3863 11:07:43
-97.4738 -175.0964 5.3883 11:07:44
-97.4701 -175.0973 5.3885 11:07:45
-97.4748 -175.0946 5.3883 11:07:46
-97.4750 -175.0956 5.3893 11:07:47
-97.4755 -175.0942 5.3893 11:07:48
-97.4733 -175.0955 5.3865 11:07:49
-97.4753 -175.0943 5.3883 11:07:50
-97.4747 -175.0947 5.3873 11:07:51
-97.4726 -175.0959 5.3879 11:07:52
-97.4730 -175.0956 5.3880 11:07:53
-97.4748 -175.0947 5.3872 11:07:54
-97.4720 -175.0963 5.3855 11:07:55
-97.4739 -175.0951 5.3881 11:07:57
-97.4730 -175.0957 5.3882 11:07:58
-97.4721 -175.0962 5.3862 11:07:59
-97.4733 -175.0966 5.3891 11:08:00
-97.4737 -175.0952 5.3886 11:08:01
-97.4748 -175.0946 5.3890 11:08:02
-97.4715 -175.0967 5.3826 11:08:03
-97.4724 -175.0961 5.3838 11:08:05
-97.4700 -175.0964 5.3825 11:08:06
-97.4699 -175.0965 5.3792 11:08:07
-97.4723 -175.0962 5.3807 11:08:08
-97.4730 -175.0958 5.3812 11:08:09
-97.4716 -175.0966 5.3814 11:08:10
-97.4709 -175.0970 5.3797 11:08:11
-97.4717 -175.0977 5.3810 11:08:13
-97.4705 -175.0972 5.3822 11:08:14
-97.4735 -175.0956 5.3810 11:08:15
-97.4720 -175.0966 5.3743 11:08:16
-97.4704 -175.0964 5.3695 11:08:17
-97.4709 -175.0952 5.3627 11:08:18
-97.4728 -175.0953 5.3608 11:08:19
-97.4726 -175.0955 5.3562 11:08:20
-97.4723 -175.0957 5.3543 11:08:22
-97.4748 -175.0943 5.3547 11:08:23
-97.4736 -175.0949 5.3602 11:08:24
-97.4755 -175.0948 5.3642 11:08:25
-97.4749 -175.0951 5.3687 11:08:26
-97.4725 -175.0964 5.3713 11:08:27
-97.4726 -175.0974 5.3732 11:08:28
-97.4734 -175.0958 5.3741 11:08:29
-97.4743 -175.0952 5.3761 11:08:30
-97.4749 -175.0949 5.3754 11:08:31
-97.4750 -175.0948 5.3762 11:08:32
-97.4734 -175.0956 5.3785 11:08:33
-97.4764 -175.0928 5.3776 11:08:34
-97.4730 -175.0948 5.3774 11:08:35
-97.4736 -175.0945 5.3747 11:08:36
-97.4732 -175.0948 5.3732 11:08:37
-97.4722 -175.0953 5.3745 11:08:38
-97.4738 -175.0944 5.3724 11:08:39
-97.4728 -175.0962 5.3713 11:08:40
-97.4745 -175.0941 5.3701 11:08:41
-97.4726 -175.0952 5.3697 11:08:43
-97.4724 -175.0954 5.3661 11:08:44
-97.4703 -175.0965 5.3677 11:08:45
-97.4750 -175.0939 5.3674 11:08:46
-97.4756 -175.0945 5.3751 11:08:47
-97.4745 -175.0951 5.3773 11:08:48
-97.4739 -175.0953 5.3798 11:08:49
-97.4745 -175.0961 5.3845 11:08:50
-97.4750 -175.0957 5.3857 11:08:51
-97.4735 -175.0955 5.3847 11:08:53
-97.4724 -175.0961 5.3830 11:08:54
-97.4735 -175.0944 5.3789 11:08:55
-97.4733 -175.0946 5.3764 11:08:56
-97.4727 -175.0962 5.3735 11:08:57
-97.4737 -175.0955 5.3772 11:08:59
-97.4716 -175.0967 5.3783 11:08:60
-97.4728 -175.0960 5.3798 11:09:01
-97.4757 -175.0954 5.3818 11:09:02
-97.4729 -175.0959 5.3815 11:09:03
-97.4755 -175.0956 5.3810 11:09:04
-97.4749 -175.0946 5.3867 11:09:05
-97.4735 -175.0966 5.3835 11:09:06
-97.4744 -175.0961 5.3849 11:09:07
-97.4705 -175.0984 5.3818 11:09:08
-97.4758 -175.0953 5.3833 11:09:09
-97.4737 -175.0954 5.3832 11:09:11
-97.4720 -175.0975 5.3834 11:09:12
-97.4726 -175.0971 5.3864 11:09:13
-97.4760 -175.0952 5.3843 11:09:14
-97.4732 -175.0967 5.3873 11:09:15
-97.4757 -175.0941 5.3886 11:09:16
-97.4726 -175.0959 5.3877 11:09:17
-97.4738 -175.0964 5.3871 11:09:18
-97.4727 -175.0970 5.3883 11:09:19
-97.4754 -175.0943 5.3898 11:09:20
-97.4758 -175.0952 5.3889 11:09:21
-97.4748 -175.0946 5.3883 11:09:23
-97.4727 -175.0959 5.3854 11:09:24
-97.4731 -175.0957 5.3828 11:09:25
-97.4719 -175.0976 5.3800 11:09:26
-97.4721 -175.0964 5.3805 11:09:28
-97.4745 -175.0950 5.3795 11:09:29
-97.4743 -175.0951 5.3812 11:09:30
-97.4759 -175.0942 5.3803 11:09:31
-97.4742 -175.0952 5.3800 11:09:32
-97.4716 -175.0966 5.3819 11:09:33
-97.4716 -175.0967 5.3786 11:09:34
-97.4741 -175.0953 5.3776 11:09:35
-97.4745 -175.0950 5.3789 11:09:36
-97.4720 -175.0964 5.3803 11:09:37
-97.4743 -175.0951 5.3808 11:09:39
-97.4740 -175.0953 5.3800 11:09:40
-97.4739 -175.0953 5.3834 11:09:41
-97.4726 -175.0972 5.3807 11:09:42
-97.4731 -175.0969 5.3812 11:09:43
-97.4723 -175.0962 5.3794 11:09:44
-97.4731 -175.0958 5.3805 11:09:45
-97.4723 -175.0963 5.3804 11:09:46
-97.4735 -175.0956 5.3805 11:09:48
-97.4726 -175.0960 5.3824 11:09:49
-97.4723 -175.0973 5.3819 11:09:50
-97.4729 -175.0970 5.3815 11:09:51
-97.4733 -175.0968 5.3796 11:09:52
-97.4730 -175.0970 5.3790 11:09:53
-97.4711 -175.0969 5.3794 11:09:54
-97.4728 -175.0960 5.3767 11:09:55
-97.4735 -175.0957 5.3748 11:09:56
-97.4739 -175.0954 5.3776 11:09:57
-97.4729 -175.0949 5.3760 11:09:58
-97.4735 -175.0958 5.3718 11:10:00
-97.4738 -175.0945 5.3704 11:10:01
-97.4718 -175.0969 5.3678 11:10:02
-97.4727 -175.0952 5.3651 11:10:03
-97.4727 -175.0953 5.3630 11:10:04
-97.4712 -175.0973 5.3628 11:10:05
-97.4722 -175.0968 5.3611 11:10:06
-97.4745 -175.0954 5.3636 11:10:07
-97.4748 -175.0964 5.3653 11:10:08
-97.4759 -175.0945 5.3689 11:10:10
-97.4741 -175.0966 5.3697 11:10:11
-97.4732 -175.0947 5.3764 11:10:12
-97.4719 -175.0966 5.3754 11:10:13
-97.4725 -175.0962 5.3783 11:10:14
-97.4748 -175.0948 5.3788 11:10:16
-97.4733 -175.0969 5.3767 11:10:17
-97.4742 -175.0953 5.3739 11:10:18
-97.4731 -175.0958 5.3792 11:10:19
-97.4746 -175.0950 5.3769 11:10:20
-97.4721 -175.0964 5.3783 11:10:21
-97.4728 -175.0960 5.3776 11:10:22
-97.4728 -175.0960 5.3783 11:10:23
-97.4734 -175.0957 5.3794 11:10:24
-97.4762 -175.0952 5.3788 11:10:25
-97.4750 -175.0947 5.3821 11:10:26
-97.4737 -175.0965 5.3836 11:10:27
-97.4744 -175.0962 5.3814 11:10:28
-97.4755 -175.0945 5.3790 11:10:29
-97.4741 -175.0964 5.3767 11:10:30
-97.4743 -175.0963 5.3797 11:10:31
-97.4733 -175.0968 5.3811 11:10:32
-97.4737 -175.0966 5.3807 11:10:33
-97.4739 -175.0965 5.3820 11:10:34
-97.4740 -175.0963 5.3847 11:10:35
-97.4727 -175.0959 5.3857 11:10:37
-97.4703 -175.0960 5.3884 11:10:38
-97.4745 -175.0959 5.3928 11:10:39
-97.4747 -175.0947 5.3891 11:10:40
-97.4717 -175.0975 5.3881 11:10:41
-97.4752 -175.0944 5.3894 11:10:42
-97.4738 -175.0953 5.3858 11:10:43
-97.4744 -175.0960 5.3889 11:10:44
-97.4721 -175.0974 5.3870 11:10:45
-97.4732 -175.0968 5.3847 11:10:46
-97.4728 -175.0958 5.3880 11:10:47
-97.4721 -175.0962 5.3870 11:10:48
-97.4743 -175.0962 5.3836 11:10:49
-97.4730 -175.0958 5.3832 11:10:50
-97.4748 -175.0958 5.3867 11:10:51
-97.4737 -175.0965 5.3844 11:10:52
-97.4759 -175.0953 5.3841 11:10:53
-97.4729 -175.0958 5.3836 11:10:54
-97.4747 -175.0959 5.3842 11:10:56
-97.4730 -175.0968 5.3871 11:10:57
-97.4726 -175.0960 5.3828 11:10:58
-97.4732 -175.0968 5.3844 11:10:59
-97.4715 -175.0966 5.3862 11:10:60
-97.4712 -175.0979 5.3840 11:11:01
-97.4722 -175.0974 5.3845 11:11:02
-97.4714 -175.0979 5.3829 11:11:03
-97.4704 -175.0985 5.3784 11:11:05
-97.4733 -175.0970 5.3726 11:11:06
-97.4721 -175.0976 5.3751 11:11:07
-97.4737 -175.0956 5.3748 11:11:08
-97.4733 -175.0958 5.3734 11:11:09
-97.4727 -175.0972 5.3773 11:11:10
-97.4723 -175.0975 5.3764 11:11:11
-97.4716 -175.0979 5.3774 11:11:12
-97.4725 -175.0950 5.3796 11:11:14
-97.4738 -175.0943 5.3778 11:11:15
-97.4726 -175.0951 5.3737 11:11:16
-97.4721 -175.0955 5.3683 11:11:17
-97.4716 -175.0947 5.3655 11:11:18
-97.4721 -175.0967 5.3642 11:11:19
-97.4736 -175.0948 5.3639 11:11:20
-97.4742 -175.0944 5.3658 11:11:21
-97.4737 -175.0957 5.3706 11:11:22
-97.4735 -175.0958 5.3712 11:11:23
-97.4750 -175.0948 5.3768 11:11:24
-97.4740 -175.0964 5.3809 11:11:25
-97.4730 -175.0958 5.3823 11:11:26
-97.4726 -175.0960 5.3843 11:11:27
-97.4739 -175.0963 5.3859 11:11:28
-97.4724 -175.0961 5.3838 11:11:29
-97.4729 -175.0958 5.3838 11:11:31
-97.4730 -175.0958 5.3829 11:11:32
-97.4728 -175.0971 5.3805 11:11:33
-97.4729 -175.0959 5.3808 11:11:34
-97.4748 -175.0949 5.3788 11:11:35
-97.4727 -175.0949 5.3769 11:11:36
-97.4724 -175.0951 5.3779 11:11:37
-97.4726 -175.0961 5.3786 11:11:38
-97.4739 -175.0954 5.3783 11:11:39
-97.4720 -175.0963 5.3825 11:11:40
-97.4743 -175.0963 5.3807 11:11:42
-97.4727 -175.0971 5.3816 11:11:43
-97.4722 -175.0963 5.3815 11:11:44
-97.4740 -175.0953 5.3812 11:11:45
-97.4754 -175.0944 5.3846 11:11:46
-97.4719 -175.0964 5.3828 11:11:47
-97.4742 -175.0962 5.3837 11:11:48
-97.4750 -175.0958 5.3839 11:11:49
-97.4729 -175.0958 5.3848 11:11:50
-97.4739 -175.0963 5.3867 11:11:51
-97.4726 -175.0960 5.3843 11:11:52
-97.4707 -175.0960 5.3830 11:11:53
-97.4738 -175.0943 5.3788 11:11:54
-97.4745 -175.0951 5.3777 11:11:55
-97.4734 -175.0956 5.3805 11:11:56
-97.4733 -175.0946 5.3754 11:11:57
-97.4743 -175.0941 5.3771 11:11:58
-97.4746 -175.0940 5.3733 11:11:59
-97.4762 -175.0931 5.3712 11:12:00
-97.4736 -175.0925 5.3644 11:12:02
-97.4757 -175.0926 5.3583 11:12:03
-97.4755 -175.0927 5.3554 11:12:04
-97.4764 -175.0924 5.3496 11:12:05
-97.4759 -175.0927 5.3483 11:12:06
-97.4744 -175.0936 5.3448 11:12:07
-97.4773 -175.0932 5.3408 11:12:08
-97.4731 -175.0957 5.3385 11:12:10
-97.4789 -175.0936 5.3378 11:12:11
-97.4764 -175.0938 5.3412 11:12:12
-97.4750 -175.0944 5.3466 11:12:13
-97.4760 -175.0949 5.3513 11:12:14
-97.4781 -175.0947 5.3581 11:12:15
-97.4758 -175.0958 5.3639 11:12:16
-97.4749 -175.0961 5.3708 11:12:17
-97.4741 -175.0965 5.3744 11:12:19
-97.4740 -175.0977 5.3756 11:12:20
-97.4740 -175.0975 5.3811 11:12:21
-97.4742 -175.0974 5.3839 11:12:22
-97.4729 -175.0980 5.3874 11:12:23
-97.4731 -175.0968 5.3876 11:12:24
-97.4751 -175.0957 5.3855 11:12:25
-97.4735 -175.0965 5.3876 11:12:26
-97.4745 -175.0948 5.3877 11:12:28
-97.4739 -175.0963 5.3866 11:12:29
-97.4732 -175.0956 5.3859 11:12:30
-97.4736 -175.0954 5.3844 11:12:31
-97.4720 -175.0975 5.3827 11:12:32
-97.4754 -175.0944 5.3825 11:12:33
-97.4729 -175.0959 5.3797 11:12:34
-97.4727 -175.0971 5.3817 11:12:35
-97.4741 -175.0953 5.3788 11:12:36
-97.4734 -175.0956 5.3796 11:12:37
-97.4744 -175.0962 5.3795 11:12:38
-97.4727 -175.0960 5.3798 11:12:39
-97.4741 -175.0952 5.3815 11:12:40
-97.4707 -175.0971 5.3808 11:12:41
-97.4727 -175.0960 5.3803 11:12:42
-97.4732 -175.0957 5.3816 11:12:43
-97.4728 -175.0959 5.3825 11:12:44
-97.4749 -175.0948 5.3793 11:12:45
-97.4703 -175.0974 5.3788 11:12:47
-97.4729 -175.0960 5.3769 11:12:48
-97.4725 -175.0962 5.3751 11:12:49
-97.4719 -175.0967 5.3720 11:12:50
-97.4728 -175.0961 5.3727 11:12:51
-97.4731 -175.0949 5.3729 11:12:52
-97.4726 -175.0963 5.3709 11:12:53
-97.4737 -175.0956 5.3721 11:12:54
-97.4719 -175.0966 5.3751 11:12:56
-97.4754 -175.0945 5.3788 11:12:57
-97.4712 -175.0969 5.3805 11:12:58
-97.4745 -175.0950 5.3798 11:12:59
-97.4722 -175.0963 5.3798 11:12:60
-97.4745 -175.0939 5.3794 11:13:01
-97.4745 -175.0950 5.3804 11:13:02
-97.4700 -175.0964 5.3807 11:13:03
-97.4736 -175.0955 5.3791 11:13:04
-97.4713 -175.0968 5.3806 11:13:05
-97.4740 -175.0942 5.3786 11:13:06
-97.4734 -175.0956 5.3804 11:13:07
-97.4722 -175.0964 5.3781 11:13:08
-97.4756 -175.0944 5.3778 11:13:09
-97.4728 -175.0948 5.3807 11:13:10
-97.4722 -175.0964 5.3746 11:13:11
-97.4748 -175.0948 5.3798 11:13:12
-97.4741 -175.0953 5.3775 11:13:13
-97.4749 -175.0948 5.3773 11:13:14
-97.4742 -175.0953 5.3779 11:13:16
-97.4729 -175.0960 5.3765 11:13:17
-97.4738 -175.0966 5.3789 11:13:18
-97.4701 -175.0975 5.3814 11:13:19
-97.4731 -175.0957 5.3830 11:13:20
-97.4729 -175.0971 5.3800 11:13:21
-97.4736 -175.0954 5.3829 11:13:22
-97.4736 -175.0954 5.3835 11:13:23
-97.4726 -175.0972 5.3804 11:13:25
-97.4731 -175.0957 5.3826 11:13:26
-97.4741 -175.0963 5.3822 11:13:27
-97.4758 -175.0954 5.3831 11:13:28
-97.4724 -175.0962 5.3818 11:13:29
-97.4712 -175.0968 5.3838 11:13:30
-97.4753 -175.0957 5.3813 11:13:31
-97.4747 -175.0960 5.3832 11:13:32
-97.4744 -175.0962 5.3807 11:13:33
-97.4755 -175.0955 5.3843 11:13:34
-97.4736 -175.0966 5.3843 11:13:35
-97.4743 -175.0962 5.3804 11:13:36
-97.4719 -175.0965 5.3790 11:13:37
-97.4735 -175.0966 5.3846 11:13:38
-97.4757 -175.0943 5.3800 11:13:39
-97.4744 -175.0961 5.3833 11:13:40
-97.4743 -175.0950 5.3845 11:13:42
-97.4747 -175.0958 5.3868 11:13:43
-97.4718 -175.0963 5.3872 11:13:44
-97.4739 -175.0952 5.3869 11:13:45
-97.4743 -175.0949 5.3889 11:13:46
-97.4735 -175.0943 5.3864 11:13:47
-97.4757 -175.0942 5.3860 11:13:48
-97.4735 -175.0933 5.3804 11:13:49
-97.4740 -175.0932 5.3737 11:13:50
-97.4750 -175.0926 5.3729 11:13:51
-97.4750 -175.0939 5.3675 11:13:52
-97.4776 -175.0935 5.3693 11:13:54
-97.4755 -175.0957 5.3735 11:13:55
-97.4740 -175.0954 5.3768 11:13:56
-97.4761 -175.0953 5.3771 11:13:57
-97.4741 -175.0964 5.3813 11:13:58
-97.4738 -175.0966 5.3779 11:13:59
-97.4748 -175.0949 5.3791 11:14:00
-97.4757 -175.0954 5.3805 11:14:01
-97.4755 -175.0945 5.3773 11:14:02
-97.4728 -175.0961 5.3755 11:14:03
-97.4738 -175.0955 5.3773 11:14:04
-97.4747 -175.0950 5.3744 11:14:05
-97.4746 -175.0952 5.3708 11:14:06
-97.4722 -175.0955 5.3678 11:14:07
-97.4718 -175.0967 5.3724 11:14:09
-97.4729 -175.0961 5.3727 11:14:10
-97.4716 -175.0968 5.3724 11:14:11
-97.4740 -175.0953 5.3772 11:14:12
-97.4730 -175.0959 5.3783 11:14:13
-97.4727 -175.0960 5.3797 11:14:14
-97.4742 -175.0951 5.3817 11:14:15
-97.4728 -175.0959 5.3819 11:14:16
-97.4722 -175.0963 5.3792 11:14:17
-97.4690 -175.0970 5.3791 11:14:19
-97.4694 -175.0980 5.3754 11:14:20
-97.4697 -175.0966 5.3779 11:14:21
-97.4701 -175.0965 5.3750 11:14:22
-97.4685 -175.0975 5.3720 11:14:23
-97.4681 -175.0965 5.3719 11:14:24
-97.4702 -175.0966 5.3693 11:14:25
-97.4718 -175.0945 5.3692 11:14:26
-97.4719 -175.0947 5.3609 11:14:27
-97.4695 -175.0959 5.3639 11:14:28
-97.4729 -175.0942 5.3570 11:14:29
-97.4722 -175.0958 5.3542 11:14:31
-97.4738 -175.0960 5.3584 11:14:32
-97.4723 -175.0967 5.3615 11:14:33
-97.4770 -175.0940 5.3634 11:14:34
-97.4717 -175.0969 5.3681 11:14:35
-97.4745 -175.0952 5.3724 11:14:36
-97.4723 -175.0964 5.3746 11:14:37
-97.4734 -175.0957 5.3781 11:14:38
-97.4716 -175.0955 5.3799 11:14:39
-97.4752 -175.0947 5.3776 11:14:40
-97.4748 -175.0937 5.3790 11:14:41
-97.4702 -175.0965 5.3735 11:14:42
-97.4749 -175.0938 5.3729 11:14:44
-97.4728 -175.0939 5.3684 11:14:45
-97.4730 -175.0940 5.3628 11:14:46
-97.4748 -175.0941 5.3625 11:14:47
-97.4735 -175.0948 5.3644 11:14:48
-97.4759 -175.0934 5.3675 11:14:49
-97.4749 -175.0950 5.3736 11:14:50
-97.4748 -175.0949 5.3765 11:14:51
-97.4739 -175.0942 5.3779 11:14:52
-97.4743 -175.0951 5.3808 11:14:53
-97.4720 -175.0952 5.3821 11:14:54
-97.4725 -175.0961 5.3822 11:14:56
-97.4746 -175.0937 5.3841 11:14:57
-97.4735 -175.0967 5.3810 11:14:58
-97.4716 -175.0966 5.3810 11:14:59
-97.4735 -175.0967 5.3807 11:14:60
-97.4721 -175.0963 5.3811 11:15:01
-97.4735 -175.0967 5.3828 11:15:02
-97.4730 -175.0969 5.3868 11:15:03
-97.4720 -175.0963 5.3863 11:15:04
-97.4720 -175.0963 5.3832 11:15:05
-97.4725 -175.0962 5.3777 11:15:06
-97.4740 -175.0942 5.3774 11:15:08
-97.4745 -175.0941 5.3711 11:15:09
-97.4761 -175.0932 5.3693 11:15:10
-97.4725 -175.0953 5.3671 11:15:11
-97.4753 -175.0939 5.3623 11:15:12
-97.4754 -175.0950 5.3616 11:15:13
-97.4735 -175.0961 5.3578 11:15:14
-97.4724 -175.0966 5.3641 11:15:15
-97.4734 -175.0971 5.3669 11:15:16
-97.4716 -175.0980 5.3729 11:15:17
-97.4692 -175.0992 5.3786 11:15:18
-97.4716 -175.0978 5.3786 11:15:19
-97.4733 -175.0967 5.3848 11:15:20
-97.4734 -175.0967 5.3830 11:15:21
-97.4752 -175.0957 5.3843 11:15:22
-97.4741 -175.0952 5.3813 11:15:24
-97.4742 -175.0962 5.3851 11:15:25
-97.4719 -175.0963 5.3843 11:15:26
-97.4751 -175.0956 5.3862 11:15:27
-97.4730 -175.0957 5.3860 11:15:28
-97.4744 -175.0949 5.3861 11:15:29
-97.4735 -175.0966 5.3861 11:15:30
-97.4726 -175.0959 5.3869 11:15:31
-97.4733 -175.0956 5.3826 11:15:32
-97.4744 -175.0950 5.3822 11:15:34
-97.4748 -175.0960 5.3787 11:15:35
-97.4742 -175.0952 5.3804 11:15:36
-97.4716 -175.0967 5.3785 11:15:37
-97.4735 -175.0956 5.3786 11:15:38
-97.4754 -175.0945 5.3812 11:15:39
-97.4724 -175.0974 5.3794 11:15:40
-97.4739 -175.0965 5.3804 11:15:41
-97.4727 -175.0972 5.3794 11:15:42
-97.4738 -175.0954 5.3796 11:15:43
-97.4745 -175.0950 5.3814 11:15:45
-97.4752 -175.0946 5.3799 11:15:46
-97.4739 -175.0965 5.3782 11:15:47
-97.4725 -175.0962 5.3781 11:15:48
-97.4731 -175.0959 5.3750 11:15:49
-97.4738 -175.0957 5.3706 11:15:50
-97.4736 -175.0946 5.3713 11:15:51
-97.4741 -175.0954 5.3714 11:15:52
-97.4725 -175.0963 5.3725 11:15:53
-97.4721 -175.0966 5.3703 11:15:54
-97.4710 -175.0960 5.3718 11:15:55
-97.4707 -175.0963 5.3681 11:15:57
-97.4721 -175.0955 5.3688 11:15:58
-97.4725 -175.0953 5.3673 11:15:59
-97.4722 -175.0955 5.3670 11:16:00
-97.4740 -175.0945 5.3645 11:16:01
-97.4720 -175.0955 5.3704 11:16:02
-97.4713 -175.0959 5.3717 11:16:03
-97.4731 -175.0948 5.3714 11:16:04
-97.4754 -175.0947 5.3722 11:16:06
-97.4742 -175.0943 5.3699 11:16:07
-97.4736 -175.0946 5.3719 11:16:08
-97.4695 -175.0968 5.3745 11:16:09
-97.4704 -175.0964 5.3715 11:16:10
-97.4708 -175.0961 5.3739 11:16:11
-97.4728 -175.0949 5.3759 11:16:12
-97.4727 -175.0961 5.3780 11:16:14
-97.4718 -175.0956 5.3731 11:16:15
-97.4750 -175.0949 5.3733 11:16:16
-97.4729 -175.0960 5.3742 11:16:17
-97.4717 -175.0955 5.3772 11:16:18
-97.4729 -175.0949 5.3755 11:16:19
-97.4734 -175.0946 5.3754 11:16:20
-97.4733 -175.0946 5.3749 11:16:22
-97.4729 -175.0948 5.3765 11:16:23
-97.4758 -175.0932 5.3793 11:16:24
-97.4715 -175.0967 5.3816 11:16:25
-97.4726 -175.0950 5.3797 11:16:26
-97.4722 -175.0951 5.3828 11:16:27
-97.4763 -175.0940 5.3800 11:16:28
-97.4718 -175.0953 5.3834 11:16:29
-97.4707 -175.0959 5.3824 11:16:30
-97.4745 -175.0938 5.3813 11:16:31
-97.4727 -175.0948 5.3810 11:16:32
-97.4718 -175.0965 5.3799 11:16:33
-97.4702 -175.0973 5.3834 11:16:34
-97.4729 -175.0959 5.3808 11:16:35
-97.4732 -175.0958 5.3771 11:16:36
-97.4749 -175.0948 5.3805 11:16:37
-97.4719 -175.0953 5.3802 11:16:39
-97.4736 -175.0956 5.3785 11:16:40
-97.4715 -175.0968 5.3764 11:16:41
-97.4718 -175.0955 5.3770 11:16:42
-97.4745 -175.0951 5.3763 11:16:43
-97.4747 -175.0950 5.3765 11:16:44
-97.4746 -175.0951 5.3747 11:16:45
-97.4729 -175.0948 5.3784 11:16:46
-97.4727 -175.0949 5.3804 11:16:47
-97.4721 -175.0963 5.3827 11:16:48
-97.4708 -175.0969 5.3879 11:16:49
-97.4733 -175.0956 5.3857 11:16:50
-97.4728 -175.0959 5.3835 11:16:52
-97.4728 -175.0947 5.3833 11:16:53
-97.4735 -175.0954 5.3849 11:16:54
-97.4736 -175.0955 5.3811 11:16:55
-97.4714 -175.0955 5.3830 11:16:56
-97.4736 -175.0954 5.3852 11:16:57
-97.4721 -175.0939 5.3846 11:16:59
-97.4728 -175.0947 5.3855 11:16:60
-97.4724 -175.0960 5.3879 11:17:01
-97.4732 -175.0944 5.3854 11:17:02
-97.4724 -175.0949 5.3866 11:17:03
-97.4733 -175.0944 5.3838 11:17:04
-97.4732 -175.0956 5.3853 11:17:05
-97.4730 -175.0946 5.3829 11:17:06
-97.4689 -175.0970 5.3807 11:17:07
-97.4733 -175.0946 5.3786 11:17:08
-97.4738 -175.0942 5.3804 11:17:09
-97.4717 -175.0955 5.3792 11:17:10
-97.4721 -175.0964 5.3766 11:17:11
-97.4725 -175.0962 5.3774 11:17:12
-97.4714 -175.0969 5.3752 11:17:13
-97.4731 -175.0960 5.3727 11:17:14
-97.4728 -175.0961 5.3753 11:17:15
-97.4721 -175.0965 5.3750 11:17:16
-97.4697 -175.0979 5.3747 11:17:17
-97.4759 -175.0944 5.3753 11:17:18
-97.4715 -175.0968 5.3765 11:17:19
-97.4732 -175.0957 5.3793 11:17:20
-97.4717 -175.0978 5.3793 11:17:22
-97.4713 -175.0957 5.3770 11:17:23
-97.4714 -175.0969 5.3757 11:17:24
-97.4754 -175.0946 5.3782 11:17:25
-97.4722 -175.0963 5.3793 11:17:26
-97.4746 -175.0950 5.3783 11:17:27
-97.4739 -175.0953 5.3811 11:17:28
-97.4713 -175.0969 5.3788 11:17:30
-97.4706 -175.0973 5.3756 11:17:31
-97.4719 -175.0966 5.3748 11:17:32
-97.4719 -175.0955 5.3725 11:17:33
-97.4729 -175.0961 5.3709 11:17:34
-97.4695 -175.0980 5.3735 11:17:35
-97.4729 -175.0962 5.3686 11:17:36
-97.4733 -175.0960 5.3680 11:17:37
-97.4704 -175.0965 5.3658 11:17:38
-97.4692 -175.0972 5.3671 11:17:39
-97.4717 -175.0958 5.3671 11:17:40
-97.4709 -175.0962 5.3667 11:17:41
-97.4724 -175.0954 5.3653 11:17:42
-97.4722 -175.0955 5.3648 11:17:43
-97.4683 -175.0988 5.3671 11:17:44
-97.4725 -175.0953 5.3691 11:17:46
-97.4702 -175.0976 5.3721 11:17:47
-97.4722 -175.0965 5.3700 11:17:48
-97.4684 -175.0976 5.3697 11:17:49
-97.4729 -175.0961 5.3743 11:17:50
-97.4715 -175.0980 5.3747 11:17:51
-97.4725 -175.0951 5.3751 11:17:52
-97.4720 -175.0954 5.3726 11:17:53
-97.4733 -175.0958 5.3755 11:17:54
-97.4691 -175.0982 5.3724 11:17:55
-97.4717 -175.0967 5.3755 11:17:56
-97.4699 -175.0977 5.3760 11:17:57
-97.4720 -175.0966 5.3726 11:17:58
-97.4729 -175.0960 5.3746 11:17:59
-97.4693 -175.0980 5.3782 11:18:00
-97.4729 -175.0948 5.3782 11:18:01
-97.4727 -175.0961 5.3784 11:18:02
-97.4725 -175.0961 5.3820 11:18:03
-97.4718 -175.0965 5.3831 11:18:04
-97.4713 -175.0978 5.3857 11:18:06
-97.4733 -175.0956 5.3843 11:18:07
-97.4708 -175.0970 5.3841 11:18:08
-97.4736 -175.0965 5.3877 11:18:09
-97.4730 -175.0956 5.3894 11:18:10
-97.4725 -175.0959 5.3906 11:18:11
-97.4728 -175.0957 5.3919 11:18:12
-97.4740 -175.0940 5.3868 11:18:13
-97.4718 -175.0953 5.3833 11:18:15
-97.4733 -175.0935 5.3778 11:18:16
-97.4720 -175.0954 5.3745 11:18:17
-97.4740 -175.0933 5.3684 11:18:18
-97.4742 -175.0932 5.3662 11:18:19
-97.4750 -175.0928 5.3646 11:18:20
-97.4733 -175.0939 5.3602 11:18:21
-97.4743 -175.0945 5.3583 11:18:22
-97.4728 -175.0952 5.3656 11:18:23
-97.4733 -175.0959 5.3699 11:18:25
-97.4721 -175.0965 5.3723 11:18:26
-97.4722 -175.0975 5.3804 11:18:27
-97.4729 -175.0970 5.3840 11:18:28
-97.4738 -175.0964 5.3861 11:18:29
-97.4719 -175.0962 5.3909 11:18:30
-97.4695 -175.0976 5.3875 11:18:31
-97.4731 -175.0955 5.3888 11:18:32
-97.4748 -175.0958 5.3876 11:18:33
-97.4714 -175.0978 5.3853 11:18:34
-97.4729 -175.0970 5.3836 11:18:35
-97.4744 -175.0950 5.3814 11:18:37
-97.4754 -175.0946 5.3751 11:18:38
-97.4725 -175.0962 5.3774 11:18:39
-97.4726 -175.0962 5.3748 11:18:40
-97.4727 -175.0962 5.3738 11:18:41
-97.4738 -175.0943 5.3764 11:18:42
-97.4725 -175.0962 5.3754 11:18:43
-97.4716 -175.0968 5.3722 11:18:44
-97.4721 -175.0966 5.3716 11:18:45
-97.4719 -175.0966 5.3751 11:18:47
-97.4712 -175.0959 5.3723 11:18:48
-97.4721 -175.0965 5.3761 11:18:49
-97.4716 -175.0957 5.3739 11:18:50
-97.4712 -175.0969 5.3774 11:18:51
-97.4741 -175.0952 5.3804 11:18:52
-97.4725 -175.0961 5.3798 11:18:53
-97.4722 -175.0964 5.3783 11:18:54
-97.4742 -175.0952 5.3793 11:18:55
-97.4724 -175.0963 5.3773 11:18:56
-97.4736 -175.0944 5.3793 11:18:57
-97.4724 -175.0963 5.3777 11:18:58
-97.4749 -175.0950 5.3741 11:18:59
-97.4729 -175.0950 5.3700 11:19:00
-97.4735 -175.0936 5.3663 11:19:02
-97.4723 -175.0944 5.3610 11:19:03
-97.4740 -175.0934 5.3627 11:19:04
-97.4741 -175.0935 5.3568 11:19:05
-97.4744 -175.0946 5.3521 11:19:06
-97.4750 -175.0931 5.3519 11:19:07
-97.4742 -175.0946 5.3554 11:19:08
-97.4770 -175.0930 5.3587 11:19:09
-97.4751 -175.0951 5.3636 11:19:10
-97.4747 -175.0952 5.3671 11:19:11
-97.4751 -175.0959 5.3759 11:19:12
-97.4749 -175.0961 5.3756 11:19:13
-97.4737 -175.0966 5.3796 11:19:14
-97.4736 -175.0965 5.3847 11:19:15
-97.4703 -175.0984 5.3864 11:19:16
-97.4723 -175.0972 5.3880 11:19:17
-97.4745 -175.0948 5.3866 11:19:18
-97.4737 -175.0953 5.3877 11:19:19
-97.4733 -175.0954 5.3884 11:19:20
-97.4719 -175.0963 5.3884 11:19:21
-97.4726 -175.0959 5.3885 11:19:22
-97.4722 -175.0950 5.3863 11:19:23
-97.4709 -175.0958 5.3838 11:19:24
-97.4719 -175.0953 5.3799 11:19:25
-97.4733 -175.0946 5.3773 11:19:26
-97.4712 -175.0971 5.3719 11:19:28
-97.4715 -175.0957 5.3725 11:19:29
-97.4749 -175.0938 5.3713 11:19:30
-97.4746 -175.0929 5.3718 11:19:31
-97.4711 -175.0961 5.3671 11:19:32
-97.4729 -175.0951 5.3690 11:19:33
-97.4731 -175.0961 5.3685 11:19:34
-97.4742 -175.0954 5.3728 11:19:35
-97.4750 -175.0949 5.3737 11:19:36
-97.4751 -175.0948 5.3768 11:19:37
-97.4709 -175.0948 5.3750 11:19:39
-97.4723 -175.0941 5.3724 11:19:40
-97.4723 -175.0954 5.3675 11:19:41
-97.4759 -175.0923 5.3636 11:19:42
-97.4771 -175.0917 5.3609 11:19:43
-97.4735 -175.0950 5.3576 11:19:44
-97.4727 -175.0954 5.3602 11:19:45
-97.4754 -175.0937 5.3641 11:19:46
-97.4767 -175.0939 5.3738 11:19:47
-97.4748 -175.0961 5.3760 11:19:48
-97.4720 -175.0964 5.3806 11:19:49
-97.4747 -175.0959 5.3835 11:19:50
-97.4753 -175.0966 5.3880 11:19:51
-97.4731 -175.0978 5.3907 11:19:52
-97.4754 -175.0966 5.3885 11:19:53
-97.4729 -175.0980 5.3884 11:19:54
-97.4740 -175.0963 5.3860 11:19:55
-97.4753 -175.0968 5.3830 11:19:57
-97.4728 -175.0971 5.3819 11:19:58
-97.4716 -175.0977 5.3843 11:19:59
-97.4733 -175.0967 5.3845 11:19:60
-97.4737 -175.0965 5.3826 11:20:01
-97.4726 -175.0972 5.3819 11:20:02
-97.4703 -175.0974 5.3802 11:20:03
-97.4726 -175.0960 5.3814 11:20:04
-97.4717 -175.0965 5.3841 11:20:05
-97.4719 -175.0964 5.3834 11:20:06
-97.4716 -175.0965 5.3867 11:20:07
-97.4710 -175.0969 5.3854 11:20:09
-97.4724 -175.0962 5.3807 11:20:10
-97.4692 -175.0969 5.3772 11:20:11
-97.4709 -175.0971 5.3789 11:20:12
-97.4700 -175.0977 5.3744 11:20:13
-97.4703 -175.0964 5.3745 11:20:14
-97.4699 -175.0967 5.3729 11:20:15
-97.4676 -175.0979 5.3735 11:20:16
-97.4702 -175.0966 5.3687 11:20:18
-97.4693 -175.0970 5.3708 11:20:19
-97.4683 -175.0976 5.3708 11:20:20
-97.4696 -175.0969 5.3694 11:20:21
-97.4720 -175.0956 5.3686 11:20:22
-97.4692 -175.0971 5.3695 11:20:23
-97.4689 -175.0974 5.3678 11:20:24
-97.4709 -175.0973 5.3705 11:20:25
-97.4714 -175.0969 5.3733 11:20:26
-97.4729 -175.0971 5.3757 11:20:27
-97.4726 -175.0962 5.3746 11:20:28
-97.4728 -175.0973 5.3733 11:20:29
-97.4710 -175.0971 5.3766 11:20:30
-97.4721 -175.0964 5.3769 11:20:31
-97.4728 -175.0961 5.3748 11:20:32
-97.4718 -175.0966 5.3747 11:20:33
-97.4731 -175.0958 5.3789 11:20:34
-97.4728 -175.0960 5.3786 11:20:35
-97.4729 -175.0959 5.3804 11:20:36
-97.4702 -175.0974 5.3802 11:20:37
-97.4735 -175.0955 5.3819 11:20:38
-97.4737 -175.0966 5.3830 11:20:39
-97.4705 -175.0960 5.3835 11:20:40
-97.4719 -175.0963 5.3863 11:20:41
-97.4709 -175.0969 5.3864 11:20:42
-97.4718 -175.0964 5.3859 11:20:43
-97.4728 -175.0958 5.3892 11:20:44
-97.4726 -175.0959 5.3878 11:20:45
-97.4717 -175.0964 5.3891 11:20:47
-97.4723 -175.0949 5.3862 11:20:48
-97.4745 -175.0937 5.3848 11:20:49
-97.4721 -175.0963 5.3820 11:20:50
-97.4721 -175.0952 5.3798 11:20:51
-97.4739 -175.0941 5.3833 11:20:52
-97.4734 -175.0945 5.3797 11:20:53
-97.4711 -175.0969 5.3805 11:20:55
-97.4718 -175.0965 5.3832 11:20:56
-97.4714 -175.0979 5.3807 11:20:57
-97.4750 -175.0947 5.3816 11:20:58
-97.4757 -175.0943 5.3806 11:20:59
-97.4720 -175.0964 5.3793 11:21:00
-97.4725 -175.0960 5.3836 11:21:01
-97.4738 -175.0954 5.3802 11:21:02
-97.4740 -175.0964 5.3830 11:21:03
-97.4719 -175.0964 5.3825 11:21:05
-97.4746 -175.0959 5.3862 11:21:06
-97.4736 -175.0964 5.3895 11:21:07
-97.4749 -175.0957 5.3883 11:21:08
-97.4750 -175.0956 5.3878 11:21:09
-97.4749 -175.0957 5.3873 11:21:10
-97.4725 -175.0971 5.3883 11:21:11
-97.4743 -175.0949 5.3873 11:21:12
-97.4723 -175.0973 5.3840 11:21:13
-97.4737 -175.0954 5.3822 11:21:14
-97.4730 -175.0959 5.3766 11:21:15
-97.4712 -175.0971 5.3731 11:21:17
-97.4704 -175.0963 5.3748 11:21:18
-97.4747 -175.0940 5.3714 11:21:19
-97.4720 -175.0955 5.3687 11:21:20
-97.4732 -175.0949 5.3693 11:21:21
-97.4709 -175.0950 5.3704 11:21:22
-97.4720 -175.0956 5.3695 11:21:23
-97.4740 -175.0944 5.3687 11:21:24
-97.4731 -175.0961 5.3679 11:21:26
-97.4736 -175.0970 5.3672 11:21:27
-97.4722 -175.0965 5.3722 11:21:28
-97.4723 -175.0976 5.3731 11:21:29
-97.4737 -175.0968 5.3738 11:21:30
-97.4743 -175.0952 5.3772 11:21:31
-97.4712 -175.0968 5.3819 11:21:33
-97.4742 -175.0962 5.3828 11:21:34
-97.4724 -175.0974 5.3792 11:21:35
-97.4743 -175.0951 5.3805 11:21:36
-97.4730 -175.0959 5.3769 11:21:37
-97.4743 -175.0953 5.3726 11:21:38
-97.4731 -175.0960 5.3744 11:21:39
-97.4736 -175.0946 5.3701 11:21:40
-97.4734 -175.0958 5.3713 11:21:41
-97.4708 -175.0951 5.3666 11:21:42
-97.4750 -175.0928 5.3649 11:21:43
-97.4732 -175.0950 5.3639 11:21:44
-97.4724 -175.0942 5.3666 11:21:45
-97.4713 -175.0960 5.3661 11:21:46
-97.4721 -175.0955 5.3713 11:21:47
-97.4715 -175.0957 5.3719 11:21:48
-97.4738 -175.0945 5.3698 11:21:49
-97.4741 -175.0934 5.3631 11:21:50
-97.4745 -175.0933 5.3575 11:21:51
-97.4726 -175.0934 5.3511 11:21:52
-97.4747 -175.0935 5.3461 11:21:53
-97.4738 -175.0940 5.3432 11:21:54
-97.4734 -175.0943 5.3407 11:21:55
-97.4747 -175.0937 5.3382 11:21:56
-97.4715 -175.0965 5.3427 11:21:57
-97.4734 -175.0965 5.3450 11:21:58
-97.4759 -175.0938 5.3490 11:21:59
-97.4774 -175.0941 5.3525 11:22:01
-97.4737 -175.0949 5.3573 11:22:02
-97.4741 -175.0958 5.3584 11:22:03
-97.4736 -175.0958 5.3683 11:22:04
-97.4697 -175.0980 5.3696 11:22:05
-97.4721 -175.0965 5.3749 11:22:06
-97.4716 -175.0979 5.3782 11:22:07
-97.4726 -175.0973 5.3781 11:22:09
-97.4716 -175.0965 5.3836 11:22:10
-97.4740 -175.0963 5.3857 11:22:11
-97.4717 -175.0966 5.3816 11:22:12
-97.4699 -175.0976 5.3822 11:22:13
-97.4739 -175.0953 5.3839 11:22:14
-97.4732 -175.0957 5.3826 11:22:15
-97.4747 -175.0950 5.3770 11:22:16
-97.4745 -175.0950 5.3813 11:22:17
-97.4708 -175.0960 5.3801 11:22:19
-97.4714 -175.0968 5.3773 11:22:20
-97.4727 -175.0960 5.3803 11:22:21
-97.4737 -175.0954 5.3818 11:22:22
-97.4722 -175.0963 5.3793 11:22:23
-97.4738 -175.0954 5.3797 11:22:24
-97.4739 -175.0941 5.3827 11:22:25
-97.4728 -175.0959 5.3826 11:22:26
-97.4738 -175.0954 5.3820 11:22:27
-97.4730 -175.0958 5.3839 11:22:28
-97.4755 -175.0943 5.3847 11:22:29
-97.4723 -175.0950 5.3822 11:22:30
-97.4730 -175.0959 5.3781 11:22:31
-97.4746 -175.0927 5.3765 11:22:32
-97.4721 -175.0943 5.3719 11:22:33
-97.4724 -175.0941 5.3710 11:22:34
-97.4713 -175.0949 5.3637 11:22:35
-97.4741 -175.0946 5.3581 11:22:36
-97.4749 -175.0931 5.3566 11:22:37
-97.4736 -175.0938 5.3566 11:22:39
-97.4754 -175.0928 5.3579 11:22:40
-97.4756 -175.0938 5.3550 11:22:41
-97.4747 -175.0943 5.3586 11:22:42
-97.4723 -175.0945 5.3572 11:22:43
-97.4765 -175.0933 5.3564 11:22:44
-97.4741 -175.0946 5.3590 11:22:45
-97.4742 -175.0956 5.3615 11:22:46
-97.4753 -175.0949 5.3660 11:22:47
-97.4727 -175.0952 5.3682 11:22:48
-97.4746 -175.0951 5.3751 11:22:50
-97.4711 -175.0969 5.3816 11:22:51
-97.4757 -175.0954 5.3817 11:22:52
-97.4744 -175.0951 5.3801 11:22:53
-97.4777 -175.0942 5.3856 11:22:54
-97.4743 -175.0961 5.3876 11:22:55
-97.4724 -175.0972 5.3873 11:22:56
-97.4730 -175.0969 5.3863 11:22:57
-97.4739 -175.0951 5.3887 11:22:58
-97.4738 -175.0964 5.3870 11:22:59
-97.4744 -175.0960 5.3861 11:22:60
-97.4746 -175.0948 5.3855 11:23:01
-97.4732 -175.0956 5.3854 11:23:02
-97.4731 -175.0957 5.3849 11:23:03
-97.4738 -175.0953 5.3839 11:23:04
-97.4721 -175.0964 5.3796 11:23:05
-97.4719 -175.0976 5.3820 11:23:06
-97.4730 -175.0948 5.3743 11:23:08
-97.4717 -175.0967 5.3762 11:23:09
-97.4729 -175.0960 5.3762 11:23:10
-97.4704 -175.0975 5.3746 11:23:11
-97.4721 -175.0965 5.3762 11:23:12
-97.4727 -175.0960 5.3786 11:23:13
-97.4743 -175.0952 5.3781 11:23:14
-97.4730 -175.0958 5.3811 11:23:15
-97.4714 -175.0967 5.3820 11:23:16
-97.4728 -175.0960 5.3797 11:23:17
-97.4716 -175.0956 5.3785 11:23:18
-97.4715 -175.0967 5.3799 11:23:19
-97.4709 -175.0959 5.3790 11:23:20
-97.4714 -175.0968 5.3792 11:23:21
-97.4710 -175.0959 5.3777 11:23:23
-97.4710 -175.0959 5.3772 11:23:24
-97.4717 -175.0967 5.3771 11:23:25
-97.4725 -175.0964 5.3718 11:23:26
-97.4710 -175.0971 5.3733 11:23:27
-97.4725 -175.0963 5.3730 11:23:28
-97.4713 -175.0971 5.3705 11:23:29
-97.4715 -175.0958 5.3704 11:23:30
-97.4709 -175.0961 5.3704 11:23:31
-97.4735 -175.0970 5.3701 11:23:33
-97.4740 -175.0955 5.3731 11:23:34
-97.4716 -175.0979 5.3749 11:23:35
-97.4733 -175.0958 5.3768 11:23:36
-97.4743 -175.0952 5.3770 11:23:37
-97.4743 -175.0963 5.3782 11:23:38
-97.4728 -175.0961 5.3744 11:23:39
-97.4742 -175.0954 5.3719 11:23:40
-97.4727 -175.0952 5.3666 11:23:41
-97.4753 -175.0950 5.3629 11:23:42
-97.4731 -175.0951 5.3601 11:23:43
