101 119.197 118.826 120.018 
102 119.192 123.834 120.023 
103 119.192 130.038 120.000 
104 119.196 136.219 119.985 
105 119.201 141.225 119.988 
201 120.000 119.999 120.021 
202 119.997 125.004 120.023 
20b 119.995 135.003 119.989 
205 119.995 137.497 119.993 
206 120.000 140.001 119.998 
301 117.418 118.835 118.958 
302 117.417 120.764 118.962 
303 117.409 122.482 118.960 
305 117.407 126.546 118.958 
306 117.403 128.488 118.961 
30a 117.398 130.194 118.951 
310 117.384 135.758 118.953 
312 117.376 139.611 118.956 
313 117.372 141.326 118.954 
314 119.199 117.867 118.958 
315 119.200 120.451 118.964 
316 119.200 122.178 118.960 
317 119.200 125.999 118.956 
318 119.198 128.146 118.958 
319 119.198 132.433 118.945 
320 119.200 134.142 118.941 
321 119.204 138.013 118.953 
322 119.202 139.713 118.946 
323 119.196 142.089 118.960 
401 121.704 117.768 118.957 
402 121.700 120.756 118.955 
403 121.684 124.190 118.963 
404 121.679 126.115 118.957 
405 121.677 128.056 118.949 
406 121.659 131.928 118.952 
407 121.653 133.852 118.950 
408 121.649 135.786 118.950 
409 121.640 137.715 118.961 
410 121.643 139.636 118.962 
411 121.631 141.563 118.965 
501 117.003 120.819 121.572 
502 116.996 124.651 121.551 
503 117.005 128.263 121.551 
504 116.996 132.133
505 116.985 136.065 121.593 
506 117.007 139.852 121.538 
507 117.541 143.146 121.574 
508 121.900 143.160 121.539 
509 123.151 138.830 121.568 
510 123.140 135.097 121.526 
511 123.134 127.870 121.541 
512 123.137 124.263 121.531 
513 123.139 120.586  
51x 123.208 120.621 121.523 
515 120.993 116.855 121.476 
601 123.290 120.166 122.076 
602 120.762 116.738 121.923 
603 118.586 116.744 122.205 
604 116.851 120.458 122.118 
605 116.857 139.868 122.238 
606 117.526 143.233 122.133 
607 121.896 143.244
608 123.306 138.885 122.135 
